set cut_paste_input [stack 0]
version 12.1 v5
BackdropNode {
 inputs 0
 name BackdropNode47
 tile_color 0x8e388e00
 label "Fstop text label - linked to cam"
 note_font_size 42
 selected true
 xpos 12140
 ypos 30181
 bdwidth 232
 bdheight 150
}
push $cut_paste_input
Camera2 {
 translate {{curve x975 10.06967609 10.06967609 10.06967609 10.06306666 10.05648234 10.04982353 10.04289893 10.03559119 10.02785372 10.01971356 10.0112234 10.00256195 9.994177614 9.986435285 9.979397986 9.972878745 9.966573994 9.960100721 9.952941799 9.944941958 9.936388693 9.927620847 9.91896773 9.910728958 9.903365267 9.897482055 9.893378936 9.890513781 9.887598638 9.883725584 9.878486165 9.871598343 9.862805853 9.851620344 9.837993573 9.822354956 9.805091105 9.786896972 9.768061122 9.748493052 9.728508853 9.708304063 9.688176458 9.668528031 9.649528755 9.631136816 9.613190875 9.595701568 9.578539902 9.561654865 9.545469566 9.53015344 9.516142608 9.503734105 9.492510155 9.482212676 9.472881679 9.464568008 9.457193902 9.450416842 9.443995494 9.437646575 9.43101331 9.424052001 9.416903575 9.409833697 9.403030682 9.396540197 9.39027245 9.383868828 9.376814421 9.368364861 9.358039285 9.346386286 9.334220537 9.321954209 9.309756863 9.29746535 9.284853054 9.271826324 9.258214916 9.243902836 9.228750857 9.212492186 9.195195631 9.177187412 9.158848613 9.140580534 9.122482811 9.10458966 9.086948862 9.069576178 9.052558495 9.035983929 9.01998821 9.004565315 8.989762345 8.975871688 8.962781049 8.950499807 8.939097802 8.928376315 8.918298364 8.908694482 8.899287274 8.889930073 8.880451793 8.870873899 8.86124781 8.85166586 8.842231427 8.832932517 8.823719041 8.814256191 8.8045183 8.794778133 8.784984146 8.775038795 8.764766101 8.754154109 8.74338132 8.733004822 8.723885654 8.715995869 8.709822641 8.706114505 8.705379658 8.70992923 8.721822343 8.742412733 8.773355979 8.813400282 8.861078442 8.915887152 8.975284971 9.038009626 9.103010704 9.169100464 9.236812913 9.305913056 9.375439851 9.444932776 9.514232221 9.583674261 9.65321891 9.723140941 9.793002859 9.861656115 9.928521939 9.992080352 10.05116708 10.10538339 10.15359423 10.19590078 10.23272718 10.26403878 10.29133852 10.31541774 10.33686065 10.35697272 10.37619463 10.39471492 10.41280305 10.43058918 10.44832308 10.46605062 10.48375275 10.50145467 10.5190265 10.53629575 10.55330934 10.57031261 10.58729107 10.60385719 10.61940661 10.63373736 10.64713379 10.65966005 10.67150897 10.68277608 10.69315671 10.70261961 10.71081761 10.71750809 10.72284384 10.72666084 10.72899719 10.73020322 10.73067703 10.73098098 10.73134325 10.73134325 10.73134325} {curve x975 14.99930986 14.99930986 14.99930986 15.00608679 15.01218056 15.01725877 15.0219882 15.02735971 15.03443808 15.04315214 15.05247722 15.06257861 15.07410907 15.08826166 15.10647935 15.12809321 15.1530974 15.1823543 15.2161234 15.25565203 15.30158849 15.353033 15.40869204 15.46689845 15.52586411 15.58347516 15.6380859 15.68839092 15.73280063 15.77125659 15.80414286 15.83173776 15.85480784 15.87387954 15.89047721 15.90607514 15.92057313 15.93403319 15.94609312 15.95670331 15.9672309 15.97813259 15.98896777 15.99930272 16.00880315 16.01722986 16.02450946 16.03098226 16.03685414 16.04200899 16.04652388 16.05068892 16.05447475 16.05749311 16.05983929 16.06222474 16.06533953 16.06869365 16.07091241 16.07161669 16.0712199 16.07005141 16.06865346 16.0676857 16.06771319 16.06887233 16.07118734 16.07459669 16.07867599 16.08323593 16.088083 16.09264846 16.09661354 16.10020976 16.10394887 16.10796535 16.11224331 16.11677225 16.12119599 16.12512723 16.12829411 16.13074326 16.13276194 16.13448043 16.13606185 16.13758255 16.13916791 16.14109533 16.14338811 16.14585974 16.14818915 16.15018373 16.15190194 16.15342859 16.15477733 16.15610473 16.15802056 16.160969 16.1646658 16.16879464 16.17325883 16.1779192 16.18264683 16.18754199 16.19256768 16.19724721 16.20120131 16.2043636 16.20682496 16.20884925 16.21087753 16.21331765 16.21597659 16.21833902 16.22031093 16.22216879 16.22382935 16.22476239 16.22446434 16.22258387 16.21962788 16.21641702 16.21315153 16.20989464 16.20564989 16.19904419 16.18945476 16.17627627 16.15965617 16.13960926 16.11517611 16.08638742 16.05351007 16.01735133 15.97981828 15.94118798 15.90118237 15.86097601 15.82246183 15.78628386 15.75144616 15.71755014 15.68506255 15.65406617 15.62420653 15.59491597 15.56695381 15.5416178 15.51918164 15.49892917 15.47942341 15.45976368 15.4397632 15.41900394 15.39759569 15.37602654 15.35432182 15.33285493 15.3125811 15.29453361 15.27885799 15.26474737 15.25204666 15.24145471 15.23278544 15.22432743 15.2144634 15.20292554 15.18996037 15.17539099 15.15921585 15.1424818 15.12660926 15.11202217 15.09801544 15.08409589 15.07081282 15.05858411 15.04707714 15.03657835 15.02791961 15.02115512 15.01571949 15.01067616 15.00533666 14.99996142 14.9950558 14.99074208 14.98679694 14.98274329 14.97842744 14.97842744 14.97842744} {curve x975 -115.1406431 -115.1406431 -115.1406431 -115.0963431 -115.0528779 -115.0109389 -114.9710204 -114.9330695 -114.8970616 -114.8628336 -114.8300417 -114.7988267 -114.7691899 -114.7411697 -114.7148804 -114.6896338 -114.6650777 -114.6412817 -114.6182321 -114.595945 -114.5739673 -114.5516179 -114.528489 -114.5044992 -114.479841 -114.454629 -114.4289714 -114.4031418 -114.3776387 -114.3529587 -114.3290485 -114.305542 -114.2820401 -114.2582848 -114.2343691 -114.2102603 -114.1856637 -114.160567 -114.1355541 -114.1113274 -114.0878776 -114.0649895 -114.0428003 -114.0214849 -114.000949 -113.9806485 -113.9601604 -113.9396418 -113.9193126 -113.8996358 -113.8813438 -113.8647277 -113.8499582 -113.8368399 -113.8247897 -113.8133896 -113.8022206 -113.7910308 -113.7799912 -113.7692984 -113.7592376 -113.7501622 -113.7420077 -113.7344946 -113.7272922 -113.7199952 -113.7124127 -113.7045767 -113.6966147 -113.6887153 -113.6810244 -113.6738491 -113.6675098 -113.6618404 -113.6565758 -113.6516198 -113.6468869 -113.6423845 -113.6381512 -113.6342638 -113.6308073 -113.6276914 -113.6246657 -113.6214821 -113.6180502 -113.6144329 -113.6107867 -113.6072301 -113.6037446 -113.6003107 -113.5968896 -113.5934105 -113.5897762 -113.5859166 -113.5818931 -113.5777172 -113.5734228 -113.5691938 -113.5652455 -113.561916 -113.5593806 -113.5575921 -113.5564611 -113.555845 -113.5555712 -113.5554449 -113.5552916 -113.5549403 -113.5542973 -113.5534725 -113.5527266 -113.5523486 -113.5524994 -113.5533075 -113.5546699 -113.5563484 -113.5584412 -113.5609854 -113.5640532 -113.5678177 -113.5718982 -113.5756178 -113.5783086 -113.5797069 -113.5795576 -113.5776089 -113.5741054 -113.5687545 -113.5614436 -113.5521574 -113.5398961 -113.5247188 -113.5061405 -113.4825617 -113.4539263 -113.4195152 -113.3790922 -113.3334416 -113.2827805 -113.228259 -113.1717583 -113.1153382 -113.0611703 -113.0108509 -112.9655092 -112.9244962 -112.8871804 -112.8533902 -112.8225412 -112.7953139 -112.7720326 -112.7522517 -112.7362572 -112.7235257 -112.7134378 -112.7055004 -112.6981498 -112.6906372 -112.6828444 -112.6748664 -112.6674635 -112.6615603 -112.6577284 -112.6557825 -112.6549673 -112.6544712 -112.6537947 -112.652687 -112.6511984 -112.6497394 -112.6484729 -112.6476519 -112.6476355 -112.6487858 -112.6518275 -112.6569768 -112.6639003 -112.6721761 -112.6810319 -112.6899552 -112.6987413 -112.7072739 -112.7155821 -112.7237048 -112.7316419 -112.7390757 -112.7457156 -112.7514925 -112.756405 -112.7606981 -112.764655 -112.764655 -112.764655}}
 rotate {{curve x975 10.01915816 10.01915816 10.01915816 10.04269192 10.06713519 10.08247033 10.10363092 10.11200173 10.11699468 10.11175217 10.11368092 10.11604946 10.12322618 10.1251291 10.12711997 10.13358146 10.14226068 10.15674949 10.17453013 10.20011404 10.22154746 10.24143988 10.25394072 10.27147003 10.27798526 10.28548835 10.29432708 10.29888839 10.29674353 10.28581265 10.26599892 10.2325687 10.19160912 10.15325677 10.11954758 10.07648969 10.03666313 9.996211375 9.945026892 9.88820157 9.835522614 9.788890152 9.732029531 9.683705047 9.64642616 9.601125364 9.555717981 9.500956798 9.445193849 9.395316543 9.346660381 9.294543977 9.262537879 9.2323712 9.205483591 9.174955649 9.144841561 9.11127828 9.072287973 9.037145845 9.000094193 8.962376337 8.934680906 8.903519368 8.868950658 8.828512826 8.789705872 8.739370127 8.688060044 8.633724702 8.57893753 8.526263457 8.480266567 8.435536207 8.392300953 8.355021218 8.311108352 8.267572388 8.223103605 8.177165922 8.13417215 8.088842351 8.048800389 8.001555764 7.960500623 7.915379801 7.866839692 7.821478106 7.775848098 7.737505246 7.698521848 7.663436867 7.626618379 7.588132818 7.550592471 7.513039085 7.475277811 7.43647606 7.400288019 7.362376395 7.33123013 7.297382769 7.26933917 7.238288552 7.214850804 7.191258828 7.165714487 7.135603235 7.107474359 7.078596452 7.045708325 7.024075238 6.992593979 6.968701059 6.944686166 6.916175223 6.889383399 6.866758676 6.84594768 6.825384164 6.809700298 6.782684675 6.755972637 6.730460772 6.707228616 6.688509206 6.670273322 6.660280609 6.632468597 6.605022718 6.562086392 6.513238953 6.46796886 6.399342052 6.33788585 6.260625501 6.195025915 6.124485607 6.055193476 5.989427903 5.931635893 5.869666068 5.811883879 5.75649106 5.692433755 5.637366978 5.603284315 5.570701542 5.560169596 5.552855897 5.550235284 5.55711211 5.534354636 5.509388122 5.489921647 5.467502943 5.462058686 5.459477713 5.465761993 5.469006536 5.468318934 5.47641048 5.487087835 5.51452465 5.544386734 5.569169423 5.599189879 5.615787968 5.642111643 5.652346414 5.666397425 5.678953073 5.682245632 5.684754495 5.686622828 5.707046622 5.726854597 5.75952788 5.791801486 5.840475176 5.885829715 5.924722558 5.962443513 5.990770872 6.0270391 6.056891516 6.082615024 6.099759416 6.117416674 6.131844757 6.144556343 6.144556343 6.144556343} {curve x975 87.8597242 87.8597242 87.8597242 88.03892011 88.20744035 88.36847184 88.52581479 88.6724903 88.81461996 88.95195599 89.08278793 89.20600916 89.32259673 89.42955594 89.52721869 89.62036388 89.69906221 89.77261313 89.84635669 89.91227327 89.97656048 90.03779047 90.09728062 90.1572524 90.21911305 90.28258477 90.35091166 90.41189706 90.47887819 90.54374995 90.60990123 90.67868207 90.74857428 90.81564921 90.88554324 90.95750053 91.02106945 91.08994886 91.15670633 91.22365145 91.2844327 91.34647681 91.3946399 91.44098988 91.48281589 91.52255343 91.56098753 91.5951861 91.62783322 91.65321666 91.67587827 91.69395827 91.69956452 91.70007605 91.70629154 91.70850282 91.69851498 91.69505939 91.69190348 91.68233466 91.673829 91.65961842 91.63977168 91.61711387 91.59633395 91.57045687 91.5439341 91.51373022 91.47885436 91.44557136 91.41315755 91.37899448 91.34529118 91.3108297 91.2736853 91.23695194 91.1961491 91.15525707 91.11103636 91.06806649 91.02327553 90.97647382 90.92970881 90.88111947 90.83449642 90.78357709 90.73212333 90.68363379 90.63189197 90.58446855 90.53179783 90.47879224 90.42586343 90.37397952 90.32189931 90.27311593 90.22178681 90.16950576 90.11647391 90.06306125 90.00843936 89.95459653 89.90048741 89.84475815 89.78671818 89.72842917 89.67056051 89.61498165 89.55813271 89.50282445 89.44351951 89.38530103 89.32451374 89.26413976 89.20454954 89.14234396 89.07917812 89.01762548 88.95088897 88.89214694 88.83317821 88.77852565 88.7209991 88.66054615 88.60104591 88.54147598 88.48064109 88.42224912 88.36621065 88.32338754 88.29419622 88.27648954 88.26349159 88.26189409 88.28026443 88.30190009 88.34125574 88.39723329 88.46610754 88.55015617 88.64162841 88.7435593 88.84388187 88.94148586 89.03359749 89.1215567 89.20625736 89.28548274 89.35264213 89.41622975 89.47795917 89.53625254 89.58962494 89.64954005 89.70759241 89.76879159 89.82915924 89.891138 89.95555342 90.02340343 90.08732878 90.14686303 90.20107688 90.23743682 90.25445516 90.26603032 90.28267159 90.29681612 90.30976364 90.32434945 90.33958476 90.35717849 90.37247986 90.38255094 90.39429359 90.39892842 90.39466794 90.38270035 90.37118322 90.36277891 90.35253105 90.33983532 90.32879463 90.31455529 90.30416207 90.29475244 90.28309689 90.28021319 90.27824164 90.28003511 90.28576727 90.28576727 90.28576727} {curve x975 0.2548837621 0.2548837621 0.2548837621 0.2493441037 0.2437213479 0.2370465827 0.2281928075 0.2167314683 0.2028369381 0.1877044068 0.1732679199 0.1603338135 0.1481424131 0.1362045297 0.125155328 0.1158736743 0.1090905926 0.105271651 0.1038928503 0.103507314 0.102521188 0.09950789903 0.09387375554 0.08622331155 0.07760822037 0.06912870243 0.06116303975 0.05275064673 0.04288305973 0.0314876292 0.01903553744 0.00692384773 -0.002652657763 -0.008722600157 -0.01236779846 -0.01429805514 -0.01403984874 -0.01186549511 -0.009147260463 -0.007569385738 -0.008241035553 -0.01126094456 -0.01623349217 -0.02274802391 -0.02959726849 -0.03466131864 -0.03661031684 -0.03593594177 -0.0337694685 -0.03085522466 -0.02807811576 -0.02677933724 -0.02727081046 -0.02823230226 -0.02813164655 -0.0270227383 -0.02636462645 -0.02688123601 -0.02794513967 -0.02953007461 -0.03250387454 -0.03668626597 -0.04100409535 -0.0452177812 -0.04964363594 -0.05409739858 -0.05851592677 -0.0632575393 -0.06816535097 -0.07238472929 -0.07483128939 -0.07470686432 -0.07228224128 -0.06887864091 -0.06567203834 -0.06288706621 -0.06020464136 -0.05759853909 -0.05535088374 -0.05356628981 -0.05194490747 -0.05014380601 -0.04810087852 -0.04614819534 -0.04484132264 -0.04446613637 -0.04486770935 -0.0453404249 -0.04484301968 -0.0427541493 -0.0389578626 -0.03374474006 -0.02767145187 -0.02125649413 -0.01504396886 -0.009583787786 -0.004937422356 -0.0008068344877 0.002768563856 0.005614834203 0.007727556482 0.009230232345 0.01021956512 0.01079826353 0.01161973157 0.01399999102 0.01864674041 0.02488405339 0.03150520072 0.03775257182 0.04295932299 0.04625943571 0.04786370407 0.04898839348 0.05018719331 0.05137525656 0.05287260069 0.05492094316 0.05701643883 0.05816702991 0.0573308081 0.05373188871 0.04760249842 0.04040578449 0.0341613307 0.03054031155 0.03013144028 0.03218459133 0.03530676102 0.03834281415 0.04005831529 0.03900611049 0.03462888224 0.02743587559 0.01831225922 0.00878425543 0.0007014224682 -0.004670554744 -0.006871433811 -0.005608555228 -0.0005546018512 0.00732680308 0.01496448311 0.0192314404 0.01945958144 0.01737216456 0.01531875005 0.0148241316 0.01630814648 0.01929497482 0.02190550019 0.02207752904 0.0190232614 0.01305526555 0.005669237404 -0.0004580119591 -0.002592312097 0.001190162594 0.01140989992 0.02625407708 0.04204826292 0.05547450969 0.06510114929 0.07129897245 0.07532213487 0.07846417119 0.08164456243 0.08507355671 0.08848120992 0.09113540587 0.09181770207 0.08926057985 0.08259695643 0.07176315237 0.05768013141 0.04245581024 0.02906276306 0.01996297025 0.01617422706 0.01735109672 0.02191952713 0.02722045663 0.03078401202 0.03141043023 0.0288323653 0.02336502745 0.01614543699 0.008750937397 0.002277501354 -0.003150989629 -0.008084983323 -0.008084983323 -0.008084983323}}
 scaling {{curve x975 1 1 1 1 1 1 1 1 1 1 1 1 1 1 1 1 1 1 1 1 1 1 1 1 1 1 1 1 1 1 1 1 1 1 1 1 1 1 1 1 1 1 1 1 1 1 1 1 1 1 1 1 1 1 1 1 1 1 1 1 1 1 1 1 1 1 1 1 1 1 1 1 1 1 1 1 1 1 1 1 1 1 1 1 1 1 1 1 1 1 1 1 1 1 1 1 1 1 1 1 1 1 1 1 1 1 1 1 1 1 1 1 1 1 1 1 1 1 1 1 1 1 1 1 1 1 1 1 1 1 1 1 1 1 1 1 1 1 1 1 1 1 1 1 1 1 1 1 1 1 1 1 1 1 1 1 1 1 1 1 1 1 1 1 1 1 1 1 1 1 1 1 1 1 1 1 1 1 1 1 1 1 1 1 1 1 1 1 1 1 1 1 1} {curve x975 1 1 1 1 1 1 1 1 1 1 1 1 1 1 1 1 1 1 1 1 1 1 1 1 1 1 1 1 1 1 1 1 1 1 1 1 1 1 1 1 1 1 1 1 1 1 1 1 1 1 1 1 1 1 1 1 1 1 1 1 1 1 1 1 1 1 1 1 1 1 1 1 1 1 1 1 1 1 1 1 1 1 1 1 1 1 1 1 1 1 1 1 1 1 1 1 1 1 1 1 1 1 1 1 1 1 1 1 1 1 1 1 1 1 1 1 1 1 1 1 1 1 1 1 1 1 1 1 1 1 1 1 1 1 1 1 1 1 1 1 1 1 1 1 1 1 1 1 1 1 1 1 1 1 1 1 1 1 1 1 1 1 1 1 1 1 1 1 1 1 1 1 1 1 1 1 1 1 1 1 1 1 1 1 1 1 1 1 1 1 1 1 1} {curve x975 1 1 1 1 1 1 1 1 1 1 1 1 1 1 1 1 1 1 1 1 1 1 1 1 1 1 1 1 1 1 1 1 1 1 1 1 1 1 1 1 1 1 1 1 1 1 1 1 1 1 1 1 1 1 1 1 1 1 1 1 1 1 1 1 1 1 1 1 1 1 1 1 1 1 1 1 1 1 1 1 1 1 1 1 1 1 1 1 1 1 1 1 1 1 1 1 1 1 1 1 1 1 1 1 1 1 1 1 1 1 1 1 1 1 1 1 1 1 1 1 1 1 1 1 1 1 1 1 1 1 1 1 1 1 1 1 1 1 1 1 1 1 1 1 1 1 1 1 1 1 1 1 1 1 1 1 1 1 1 1 1 1 1 1 1 1 1 1 1 1 1 1 1 1 1 1 1 1 1 1 1 1 1 1 1 1 1 1 1 1 1 1 1}}
 uniform_scale {{curve x975 1 1 1 1 1 1 1 1 1 1 1 1 1 1 1 1 1 1 1 1 1 1 1 1 1 1 1 1 1 1 1 1 1 1 1 1 1 1 1 1 1 1 1 1 1 1 1 1 1 1 1 1 1 1 1 1 1 1 1 1 1 1 1 1 1 1 1 1 1 1 1 1 1 1 1 1 1 1 1 1 1 1 1 1 1 1 1 1 1 1 1 1 1 1 1 1 1 1 1 1 1 1 1 1 1 1 1 1 1 1 1 1 1 1 1 1 1 1 1 1 1 1 1 1 1 1 1 1 1 1 1 1 1 1 1 1 1 1 1 1 1 1 1 1 1 1 1 1 1 1 1 1 1 1 1 1 1 1 1 1 1 1 1 1 1 1 1 1 1 1 1 1 1 1 1 1 1 1 1 1 1 1 1 1 1 1 1 1 1 1 1 1 1}}
 skew {{curve x975 0 0 0 0 0 0 0 0 0 0 0 0 0 0 0 0 0 0 0 0 0 0 0 0 0 0 0 0 0 0 0 0 0 0 0 0 0 0 0 0 0 0 0 0 0 0 0 0 0 0 0 0 0 0 0 0 0 0 0 0 0 0 0 0 0 0 0 0 0 0 0 0 0 0 0 0 0 0 0 0 0 0 0 0 0 0 0 0 0 0 0 0 0 0 0 0 0 0 0 0 0 0 0 0 0 0 0 0 0 0 0 0 0 0 0 0 0 0 0 0 0 0 0 0 0 0 0 0 0 0 0 0 0 0 0 0 0 0 0 0 0 0 0 0 0 0 0 0 0 0 0 0 0 0 0 0 0 0 0 0 0 0 0 0 0 0 0 0 0 0 0 0 0 0 0 0 0 0 0 0 0 0 0 0 0 0 0 0 0 0 0 0 0} {curve x975 0 0 0 0 0 0 0 0 0 0 0 0 0 0 0 0 0 0 0 0 0 0 0 0 0 0 0 0 0 0 0 0 0 0 0 0 0 0 0 0 0 0 0 0 0 0 0 0 0 0 0 0 0 0 0 0 0 0 0 0 0 0 0 0 0 0 0 0 0 0 0 0 0 0 0 0 0 0 0 0 0 0 0 0 0 0 0 0 0 0 0 0 0 0 0 0 0 0 0 0 0 0 0 0 0 0 0 0 0 0 0 0 0 0 0 0 0 0 0 0 0 0 0 0 0 0 0 0 0 0 0 0 0 0 0 0 0 0 0 0 0 0 0 0 0 0 0 0 0 0 0 0 0 0 0 0 0 0 0 0 0 0 0 0 0 0 0 0 0 0 0 0 0 0 0 0 0 0 0 0 0 0 0 0 0 0 0 0 0 0 0 0 0} {curve x975 0 0 0 0 0 0 0 0 0 0 0 0 0 0 0 0 0 0 0 0 0 0 0 0 0 0 0 0 0 0 0 0 0 0 0 0 0 0 0 0 0 0 0 0 0 0 0 0 0 0 0 0 0 0 0 0 0 0 0 0 0 0 0 0 0 0 0 0 0 0 0 0 0 0 0 0 0 0 0 0 0 0 0 0 0 0 0 0 0 0 0 0 0 0 0 0 0 0 0 0 0 0 0 0 0 0 0 0 0 0 0 0 0 0 0 0 0 0 0 0 0 0 0 0 0 0 0 0 0 0 0 0 0 0 0 0 0 0 0 0 0 0 0 0 0 0 0 0 0 0 0 0 0 0 0 0 0 0 0 0 0 0 0 0 0 0 0 0 0 0 0 0 0 0 0 0 0 0 0 0 0 0 0 0 0 0 0 0 0 0 0 0 0}}
 pivot {{curve x975 0 0 0 0 0 0 0 0 0 0 0 0 0 0 0 0 0 0 0 0 0 0 0 0 0 0 0 0 0 0 0 0 0 0 0 0 0 0 0 0 0 0 0 0 0 0 0 0 0 0 0 0 0 0 0 0 0 0 0 0 0 0 0 0 0 0 0 0 0 0 0 0 0 0 0 0 0 0 0 0 0 0 0 0 0 0 0 0 0 0 0 0 0 0 0 0 0 0 0 0 0 0 0 0 0 0 0 0 0 0 0 0 0 0 0 0 0 0 0 0 0 0 0 0 0 0 0 0 0 0 0 0 0 0 0 0 0 0 0 0 0 0 0 0 0 0 0 0 0 0 0 0 0 0 0 0 0 0 0 0 0 0 0 0 0 0 0 0 0 0 0 0 0 0 0 0 0 0 0 0 0 0 0 0 0 0 0 0 0 0 0 0 0} {curve x975 0 0 0 0 0 0 0 0 0 0 0 0 0 0 0 0 0 0 0 0 0 0 0 0 0 0 0 0 0 0 0 0 0 0 0 0 0 0 0 0 0 0 0 0 0 0 0 0 0 0 0 0 0 0 0 0 0 0 0 0 0 0 0 0 0 0 0 0 0 0 0 0 0 0 0 0 0 0 0 0 0 0 0 0 0 0 0 0 0 0 0 0 0 0 0 0 0 0 0 0 0 0 0 0 0 0 0 0 0 0 0 0 0 0 0 0 0 0 0 0 0 0 0 0 0 0 0 0 0 0 0 0 0 0 0 0 0 0 0 0 0 0 0 0 0 0 0 0 0 0 0 0 0 0 0 0 0 0 0 0 0 0 0 0 0 0 0 0 0 0 0 0 0 0 0 0 0 0 0 0 0 0 0 0 0 0 0 0 0 0 0 0 0} {curve x975 0 0 0 0 0 0 0 0 0 0 0 0 0 0 0 0 0 0 0 0 0 0 0 0 0 0 0 0 0 0 0 0 0 0 0 0 0 0 0 0 0 0 0 0 0 0 0 0 0 0 0 0 0 0 0 0 0 0 0 0 0 0 0 0 0 0 0 0 0 0 0 0 0 0 0 0 0 0 0 0 0 0 0 0 0 0 0 0 0 0 0 0 0 0 0 0 0 0 0 0 0 0 0 0 0 0 0 0 0 0 0 0 0 0 0 0 0 0 0 0 0 0 0 0 0 0 0 0 0 0 0 0 0 0 0 0 0 0 0 0 0 0 0 0 0 0 0 0 0 0 0 0 0 0 0 0 0 0 0 0 0 0 0 0 0 0 0 0 0 0 0 0 0 0 0 0 0 0 0 0 0 0 0 0 0 0 0 0 0 0 0 0 0}}
 focal {{curve x975 30.07018852 30.07018852 30.07018852 30.07018852 30.07018852 30.07018852 30.07018852 30.07018852 30.07018852 30.07018852 30.07018852 30.07018852 30.07018852 30.07018852 30.07018852 30.07018852 30.07018852 30.07018852 30.07018852 30.07018852 30.07018852 30.07018852 30.07018852 30.07018852 30.07018852 30.07018852 30.07018852 30.07018852 30.07018852 30.07018852 30.07018852 30.07018852 30.07018852 30.07018852 30.07018852 30.07018852 30.07018852 30.07018852 30.07018852 30.07018852 30.07018852 30.07018852 30.07018852 30.07018852 30.07018852 30.07018852 30.07018852 30.07018852 30.07018852 30.07018852 30.07018852 30.07018852 30.07018852 30.07018852 30.07018852 30.07018852 30.07018852 30.07018852 30.07018852 30.07018852 30.07018852 30.07018852 30.07018852 30.07018852 30.07018852 30.07018852 30.07018852 30.07018852 30.07018852 30.07018852 30.07018852 30.07018852 30.07018852 30.07018852 30.07018852 30.07018852 30.07018852 30.07018852 30.07018852 30.07018852 30.07018852 30.07018852 30.07018852 30.07018852 30.07018852 30.07018852 30.07018852 30.07018852 30.07018852 30.07018852 30.07018852 30.07018852 30.07018852 30.07018852 30.07018852 30.07018852 30.07018852 30.07018852 30.07018852 30.07018852 30.07018852 30.07018852 30.07018852 30.07018852 30.07018852 30.07018852 30.07018852 30.07018852 30.07018852 30.07018852 30.07018852 30.07018852 30.07018852 30.07018852 30.07018852 30.07018852 30.07018852 30.07018852 30.07018852 30.07018852 30.07018852 30.07018852 30.07018852 30.07018852 30.07018852 30.07018852 30.07018852 30.07018852 30.07018852 30.07018852 30.07018852 30.07018852 30.07018852 30.07018852 30.07018852 30.07018852 30.07018852 30.07018852 30.07018852 30.07018852 30.07018852 30.07018852 30.07018852 30.07018852 30.07018852 30.07018852 30.07018852 30.07018852 30.07018852 30.07018852 30.07018852 30.07018852 30.07018852 30.07018852 30.07018852 30.07018852 30.07018852 30.07018852 30.07018852 30.07018852 30.07018852 30.07018852 30.07018852 30.07018852 30.07018852 30.07018852 30.07018852 30.07018852 30.07018852 30.07018852 30.07018852 30.07018852 30.07018852 30.07018852 30.07018852 30.07018852 30.07018852 30.07018852 30.07018852 30.07018852 30.07018852 30.07018852 30.07018852 30.07018852 30.07018852 30.07018852 30.07018852 30.07018852 30.07018852 30.07018852 30.07018852 30.07018852 30.07018852}}
 haperture {{curve x975 60.95100021 60.95100021 60.95100021 60.95100021 60.95100021 60.95100021 60.95100021 60.95100021 60.95100021 60.95100021 60.95100021 60.95100021 60.95100021 60.95100021 60.95100021 60.95100021 60.95100021 60.95100021 60.95100021 60.95100021 60.95100021 60.95100021 60.95100021 60.95100021 60.95100021 60.95100021 60.95100021 60.95100021 60.95100021 60.95100021 60.95100021 60.95100021 60.95100021 60.95100021 60.95100021 60.95100021 60.95100021 60.95100021 60.95100021 60.95100021 60.95100021 60.95100021 60.95100021 60.95100021 60.95100021 60.95100021 60.95100021 60.95100021 60.95100021 60.95100021 60.95100021 60.95100021 60.95100021 60.95100021 60.95100021 60.95100021 60.95100021 60.95100021 60.95100021 60.95100021 60.95100021 60.95100021 60.95100021 60.95100021 60.95100021 60.95100021 60.95100021 60.95100021 60.95100021 60.95100021 60.95100021 60.95100021 60.95100021 60.95100021 60.95100021 60.95100021 60.95100021 60.95100021 60.95100021 60.95100021 60.95100021 60.95100021 60.95100021 60.95100021 60.95100021 60.95100021 60.95100021 60.95100021 60.95100021 60.95100021 60.95100021 60.95100021 60.95100021 60.95100021 60.95100021 60.95100021 60.95100021 60.95100021 60.95100021 60.95100021 60.95100021 60.95100021 60.95100021 60.95100021 60.95100021 60.95100021 60.95100021 60.95100021 60.95100021 60.95100021 60.95100021 60.95100021 60.95100021 60.95100021 60.95100021 60.95100021 60.95100021 60.95100021 60.95100021 60.95100021 60.95100021 60.95100021 60.95100021 60.95100021 60.95100021 60.95100021 60.95100021 60.95100021 60.95100021 60.95100021 60.95100021 60.95100021 60.95100021 60.95100021 60.95100021 60.95100021 60.95100021 60.95100021 60.95100021 60.95100021 60.95100021 60.95100021 60.95100021 60.95100021 60.95100021 60.95100021 60.95100021 60.95100021 60.95100021 60.95100021 60.95100021 60.95100021 60.95100021 60.95100021 60.95100021 60.95100021 60.95100021 60.95100021 60.95100021 60.95100021 60.95100021 60.95100021 60.95100021 60.95100021 60.95100021 60.95100021 60.95100021 60.95100021 60.95100021 60.95100021 60.95100021 60.95100021 60.95100021 60.95100021 60.95100021 60.95100021 60.95100021 60.95100021 60.95100021 60.95100021 60.95100021 60.95100021 60.95100021 60.95100021 60.95100021 60.95100021 60.95100021 60.95100021 60.95100021 60.95100021 60.95100021 60.95100021 60.95100021}}
 vaperture {{curve x975 25.52820015 25.52820015 25.52820015 25.52820015 25.52820015 25.52820015 25.52820015 25.52820015 25.52820015 25.52820015 25.52820015 25.52820015 25.52820015 25.52820015 25.52820015 25.52820015 25.52820015 25.52820015 25.52820015 25.52820015 25.52820015 25.52820015 25.52820015 25.52820015 25.52820015 25.52820015 25.52820015 25.52820015 25.52820015 25.52820015 25.52820015 25.52820015 25.52820015 25.52820015 25.52820015 25.52820015 25.52820015 25.52820015 25.52820015 25.52820015 25.52820015 25.52820015 25.52820015 25.52820015 25.52820015 25.52820015 25.52820015 25.52820015 25.52820015 25.52820015 25.52820015 25.52820015 25.52820015 25.52820015 25.52820015 25.52820015 25.52820015 25.52820015 25.52820015 25.52820015 25.52820015 25.52820015 25.52820015 25.52820015 25.52820015 25.52820015 25.52820015 25.52820015 25.52820015 25.52820015 25.52820015 25.52820015 25.52820015 25.52820015 25.52820015 25.52820015 25.52820015 25.52820015 25.52820015 25.52820015 25.52820015 25.52820015 25.52820015 25.52820015 25.52820015 25.52820015 25.52820015 25.52820015 25.52820015 25.52820015 25.52820015 25.52820015 25.52820015 25.52820015 25.52820015 25.52820015 25.52820015 25.52820015 25.52820015 25.52820015 25.52820015 25.52820015 25.52820015 25.52820015 25.52820015 25.52820015 25.52820015 25.52820015 25.52820015 25.52820015 25.52820015 25.52820015 25.52820015 25.52820015 25.52820015 25.52820015 25.52820015 25.52820015 25.52820015 25.52820015 25.52820015 25.52820015 25.52820015 25.52820015 25.52820015 25.52820015 25.52820015 25.52820015 25.52820015 25.52820015 25.52820015 25.52820015 25.52820015 25.52820015 25.52820015 25.52820015 25.52820015 25.52820015 25.52820015 25.52820015 25.52820015 25.52820015 25.52820015 25.52820015 25.52820015 25.52820015 25.52820015 25.52820015 25.52820015 25.52820015 25.52820015 25.52820015 25.52820015 25.52820015 25.52820015 25.52820015 25.52820015 25.52820015 25.52820015 25.52820015 25.52820015 25.52820015 25.52820015 25.52820015 25.52820015 25.52820015 25.52820015 25.52820015 25.52820015 25.52820015 25.52820015 25.52820015 25.52820015 25.52820015 25.52820015 25.52820015 25.52820015 25.52820015 25.52820015 25.52820015 25.52820015 25.52820015 25.52820015 25.52820015 25.52820015 25.52820015 25.52820015 25.52820015 25.52820015 25.52820015 25.52820015 25.52820015 25.52820015}}
 near {{curve x975 0.1000000015 0.1000000015 0.1000000015 0.1000000015 0.1000000015 0.1000000015 0.1000000015 0.1000000015 0.1000000015 0.1000000015 0.1000000015 0.1000000015 0.1000000015 0.1000000015 0.1000000015 0.1000000015 0.1000000015 0.1000000015 0.1000000015 0.1000000015 0.1000000015 0.1000000015 0.1000000015 0.1000000015 0.1000000015 0.1000000015 0.1000000015 0.1000000015 0.1000000015 0.1000000015 0.1000000015 0.1000000015 0.1000000015 0.1000000015 0.1000000015 0.1000000015 0.1000000015 0.1000000015 0.1000000015 0.1000000015 0.1000000015 0.1000000015 0.1000000015 0.1000000015 0.1000000015 0.1000000015 0.1000000015 0.1000000015 0.1000000015 0.1000000015 0.1000000015 0.1000000015 0.1000000015 0.1000000015 0.1000000015 0.1000000015 0.1000000015 0.1000000015 0.1000000015 0.1000000015 0.1000000015 0.1000000015 0.1000000015 0.1000000015 0.1000000015 0.1000000015 0.1000000015 0.1000000015 0.1000000015 0.1000000015 0.1000000015 0.1000000015 0.1000000015 0.1000000015 0.1000000015 0.1000000015 0.1000000015 0.1000000015 0.1000000015 0.1000000015 0.1000000015 0.1000000015 0.1000000015 0.1000000015 0.1000000015 0.1000000015 0.1000000015 0.1000000015 0.1000000015 0.1000000015 0.1000000015 0.1000000015 0.1000000015 0.1000000015 0.1000000015 0.1000000015 0.1000000015 0.1000000015 0.1000000015 0.1000000015 0.1000000015 0.1000000015 0.1000000015 0.1000000015 0.1000000015 0.1000000015 0.1000000015 0.1000000015 0.1000000015 0.1000000015 0.1000000015 0.1000000015 0.1000000015 0.1000000015 0.1000000015 0.1000000015 0.1000000015 0.1000000015 0.1000000015 0.1000000015 0.1000000015 0.1000000015 0.1000000015 0.1000000015 0.1000000015 0.1000000015 0.1000000015 0.1000000015 0.1000000015 0.1000000015 0.1000000015 0.1000000015 0.1000000015 0.1000000015 0.1000000015 0.1000000015 0.1000000015 0.1000000015 0.1000000015 0.1000000015 0.1000000015 0.1000000015 0.1000000015 0.1000000015 0.1000000015 0.1000000015 0.1000000015 0.1000000015 0.1000000015 0.1000000015 0.1000000015 0.1000000015 0.1000000015 0.1000000015 0.1000000015 0.1000000015 0.1000000015 0.1000000015 0.1000000015 0.1000000015 0.1000000015 0.1000000015 0.1000000015 0.1000000015 0.1000000015 0.1000000015 0.1000000015 0.1000000015 0.1000000015 0.1000000015 0.1000000015 0.1000000015 0.1000000015 0.1000000015 0.1000000015 0.1000000015 0.1000000015 0.1000000015 0.1000000015 0.1000000015 0.1000000015 0.1000000015 0.1000000015 0.1000000015 0.1000000015 0.1000000015 0.1000000015 0.1000000015 0.1000000015 0.1000000015 0.1000000015 0.1000000015 0.1000000015}}
 far {{curve x975 10000 10000 10000 10000 10000 10000 10000 10000 10000 10000 10000 10000 10000 10000 10000 10000 10000 10000 10000 10000 10000 10000 10000 10000 10000 10000 10000 10000 10000 10000 10000 10000 10000 10000 10000 10000 10000 10000 10000 10000 10000 10000 10000 10000 10000 10000 10000 10000 10000 10000 10000 10000 10000 10000 10000 10000 10000 10000 10000 10000 10000 10000 10000 10000 10000 10000 10000 10000 10000 10000 10000 10000 10000 10000 10000 10000 10000 10000 10000 10000 10000 10000 10000 10000 10000 10000 10000 10000 10000 10000 10000 10000 10000 10000 10000 10000 10000 10000 10000 10000 10000 10000 10000 10000 10000 10000 10000 10000 10000 10000 10000 10000 10000 10000 10000 10000 10000 10000 10000 10000 10000 10000 10000 10000 10000 10000 10000 10000 10000 10000 10000 10000 10000 10000 10000 10000 10000 10000 10000 10000 10000 10000 10000 10000 10000 10000 10000 10000 10000 10000 10000 10000 10000 10000 10000 10000 10000 10000 10000 10000 10000 10000 10000 10000 10000 10000 10000 10000 10000 10000 10000 10000 10000 10000 10000 10000 10000 10000 10000 10000 10000 10000 10000 10000 10000 10000 10000 10000 10000 10000 10000 10000 10000}}
 win_translate {{curve x975 0 0 0 0 0 0 0 0 0 0 0 0 0 0 0 0 0 0 0 0 0 0 0 0 0 0 0 0 0 0 0 0 0 0 0 0 0 0 0 0 0 0 0 0 0 0 0 0 0 0 0 0 0 0 0 0 0 0 0 0 0 0 0 0 0 0 0 0 0 0 0 0 0 0 0 0 0 0 0 0 0 0 0 0 0 0 0 0 0 0 0 0 0 0 0 0 0 0 0 0 0 0 0 0 0 0 0 0 0 0 0 0 0 0 0 0 0 0 0 0 0 0 0 0 0 0 0 0 0 0 0 0 0 0 0 0 0 0 0 0 0 0 0 0 0 0 0 0 0 0 0 0 0 0 0 0 0 0 0 0 0 0 0 0 0 0 0 0 0 0 0 0 0 0 0 0 0 0 0 0 0 0 0 0 0 0 0 0 0 0 0 0 0} {curve x975 0 0 0 0 0 0 0 0 0 0 0 0 0 0 0 0 0 0 0 0 0 0 0 0 0 0 0 0 0 0 0 0 0 0 0 0 0 0 0 0 0 0 0 0 0 0 0 0 0 0 0 0 0 0 0 0 0 0 0 0 0 0 0 0 0 0 0 0 0 0 0 0 0 0 0 0 0 0 0 0 0 0 0 0 0 0 0 0 0 0 0 0 0 0 0 0 0 0 0 0 0 0 0 0 0 0 0 0 0 0 0 0 0 0 0 0 0 0 0 0 0 0 0 0 0 0 0 0 0 0 0 0 0 0 0 0 0 0 0 0 0 0 0 0 0 0 0 0 0 0 0 0 0 0 0 0 0 0 0 0 0 0 0 0 0 0 0 0 0 0 0 0 0 0 0 0 0 0 0 0 0 0 0 0 0 0 0 0 0 0 0 0 0}}
 win_scale {{curve x975 1 1 1 1 1 1 1 1 1 1 1 1 1 1 1 1 1 1 1 1 1 1 1 1 1 1 1 1 1 1 1 1 1 1 1 1 1 1 1 1 1 1 1 1 1 1 1 1 1 1 1 1 1 1 1 1 1 1 1 1 1 1 1 1 1 1 1 1 1 1 1 1 1 1 1 1 1 1 1 1 1 1 1 1 1 1 1 1 1 1 1 1 1 1 1 1 1 1 1 1 1 1 1 1 1 1 1 1 1 1 1 1 1 1 1 1 1 1 1 1 1 1 1 1 1 1 1 1 1 1 1 1 1 1 1 1 1 1 1 1 1 1 1 1 1 1 1 1 1 1 1 1 1 1 1 1 1 1 1 1 1 1 1 1 1 1 1 1 1 1 1 1 1 1 1 1 1 1 1 1 1 1 1 1 1 1 1 1 1 1 1 1 1} {curve x975 1 1 1 1 1 1 1 1 1 1 1 1 1 1 1 1 1 1 1 1 1 1 1 1 1 1 1 1 1 1 1 1 1 1 1 1 1 1 1 1 1 1 1 1 1 1 1 1 1 1 1 1 1 1 1 1 1 1 1 1 1 1 1 1 1 1 1 1 1 1 1 1 1 1 1 1 1 1 1 1 1 1 1 1 1 1 1 1 1 1 1 1 1 1 1 1 1 1 1 1 1 1 1 1 1 1 1 1 1 1 1 1 1 1 1 1 1 1 1 1 1 1 1 1 1 1 1 1 1 1 1 1 1 1 1 1 1 1 1 1 1 1 1 1 1 1 1 1 1 1 1 1 1 1 1 1 1 1 1 1 1 1 1 1 1 1 1 1 1 1 1 1 1 1 1 1 1 1 1 1 1 1 1 1 1 1 1 1 1 1 1 1 1}}
 focal_point {{curve x975 7.924413204 7.924413204 7.924413204 0.3047851324 0.3047851324 0.3999812901 0.4999766052 0.5999719501 0.6999672651 0.7999625802 0.8999578953 0.9999532104 1.099948525 1.1999439 1.299939156 1.39993453 1.499929786 1.59992516 1.699920416 1.799915791 1.899911046 1.999906421 2.099901676 2.199897051 2.299892426 2.3998878 2.499882936 2.599878311 2.699873686 2.799869061 2.899864197 2.999859571 3.099854946 3.199850321 3.299845695 3.399840832 3.499836206 3.599831581 3.699826956 3.799822092 3.899817467 3.999812841 4.099808216 4.199803352 4.299798965 4.399794102 4.499789238 4.599784851 4.699779987 4.7997756 4.899770737 4.999765873 5.099761486 5.199756622 5.299752235 5.399747372 5.499742508 5.599738121 5.699733257 5.799728394 5.899724007 5.999719143 6.099714756 6.199709892 6.299705029 6.399700642 6.499695778 6.599691391 6.699686527 6.799681664 6.899677277 6.999672413 7.099668026 7.199663162 7.299658298 7.399653912 7.499649048 7.599644184 7.699639797 7.799634933 7.899630547 7.999625683 8.099620819 8.199616432 8.299612045 8.399606705 8.499602318 8.599597931 8.69959259 8.799588203 8.899583817 8.999578476 9.099574089 9.199569702 9.299565315 9.399559975 9.499555588 9.599551201 9.69954586 9.799541473 9.899537086 9.999531746 10.09952736 10.19952297 10.29951763 10.39951324 10.49950886 10.59950447 10.69949913 10.79949474 10.89949036 10.99948502 11.09948063 11.19947624 11.2994709 11.39946651 11.49946213 11.59945679 11.6994524 11.79944801 11.89944363 11.99943829 12.0994339 12.19942951 12.29942417 12.39941978 12.4994154 12.59941006 12.69940567 12.79940128 12.89939594 12.99939156 13.09938717 13.19938278 13.29937744 13.39937305 13.49936867 13.59936333 13.69935894 13.79935455 13.89934921 13.99934483 14.09934044 14.19933605 14.29933071 14.39932632 14.49932194 14.5993166 14.69931221 14.79930782 14.89930248 14.9992981 15.09929371 15.19928837 15.29928398 15.39927959 15.49927521 15.59926987 15.69926548 15.79926109 15.89925575 15.99925137 16.09924698 16.19924164 16.2992382 16.39923286 16.49922752 16.59922409 16.69921875 16.79921341 16.89920998 16.99920464 17.0991993 17.19919586 17.29919052 17.39918518 17.49918175 17.59917641 17.69917107 17.79916763 17.89916229 17.99915695 18.09915352 18.19914818 18.29914284 18.3991394 18.49913406 18.59913063 18.69912529 18.79911995 10.05790901 10.05790901 10.05790901}}
 fstop {{curve x975 5.599999905 5.599999905 5.599999905 5.599999905 5.599999905 5.599999905 5.599999905 5.599999905 5.599999905 5.599999905 5.599999905 5.599999905 5.599999905 5.599999905 5.599999905 5.599999905 5.599999905 5.599999905 5.599999905 5.599999905 5.599999905 5.599999905 5.599999905 5.599999905 5.599999905 5.599999905 5.599999905 5.599999905 5.599999905 5.599999905 5.599999905 5.599999905 5.599999905 5.599999905 5.599999905 5.599999905 5.599999905 5.599999905 5.599999905 5.599999905 5.599999905 5.599999905 5.599999905 5.599999905 5.599999905 5.599999905 5.599999905 5.599999905 5.599999905 5.599999905 5.599999905 5.599999905 5.599999905 5.599999905 5.599999905 5.599999905 5.599999905 5.599999905 5.599999905 5.599999905 5.599999905 5.599999905 5.599999905 5.599999905 5.599999905 5.599999905 5.599999905 5.599999905 5.599999905 5.599999905 5.599999905 5.599999905 5.599999905 5.599999905 5.599999905 5.599999905 5.599999905 5.599999905 5.599999905 5.599999905 5.599999905 5.599999905 5.599999905 5.599999905 5.599999905 5.599999905 5.599999905 5.599999905 5.599999905 5.599999905 5.599999905 5.599999905 5.599999905 5.599999905 5.599999905 5.599999905 5.599999905 5.599999905 5.599999905 5.599999905 5.599999905 5.599999905 5.599999905 5.599999905 5.599999905 5.599999905 5.599999905 5.599999905 5.599999905 5.599999905 5.599999905 5.599999905 5.599999905 5.599999905 5.599999905 5.599999905 5.599999905 5.599999905 5.599999905 5.599999905 5.599999905 5.599999905 5.599999905 5.599999905 5.599999905 5.599999905 5.599999905 5.599999905 5.599999905 5.599999905 5.599999905 5.599999905 5.599999905 5.599999905 5.599999905 5.599999905 5.599999905 5.599999905 5.599999905 5.599999905 5.599999905 5.599999905 5.599999905 5.599999905 5.599999905 5.599999905 5.599999905 5.599999905 5.599999905 5.599999905 5.599999905 5.599999905 5.599999905 5.599999905 5.599999905 5.599999905 5.599999905 5.599999905 5.599999905 5.599999905 5.599999905 5.599999905 5.599999905 5.599999905 5.599999905 5.599999905 5.599999905 5.599999905 5.599999905 5.599999905 5.599999905 5.599999905 5.599999905 5.599999905 5.599999905 5.599999905 5.599999905 5.599999905 5.599999905 5.599999905 5.599999905 5.599999905 5.599999905 5.599999905 5.599999905 5.599999905 5.599999905 5.599999905 5.599999905 5.599999905 5.599999905 5.599999905 5.599999905}}
 file /jobs/JOYRIDE/grm0830/ivy/cam/C_grm0830_cameratrack_bg01_v004/C_grm0830_cameratrack_bg01_v004.abc
 suppress_dialog true
 name Camera16
 selected true
 xpos 12150
 ypos 30261
 addUserKnob {20 DNeg}
 addUserKnob {26 _version l "" +STARTLINE +INVISIBLE T 1.0}
 addUserKnob {41 "horiz aperture" T haperture}
 addUserKnob {41 "vert aperture" T vaperture}
 addUserKnob {4 setApertureValues l "" t "Set aperture values based on registered camera sensor data. The 'read from file' knob needs to be disabled and any potential curves deleted." +STARTLINE M {"Set Aperture Values" "Generic/1080p HD" "Alexa LF/4.5k 2.39" "Alexa LF/UHD" "Alexa LF/4.5k OpenGate" "Alexa LF/4.5k OpenGate Ana" "Alexa LF/UHD Ana" "Working Extractions/Alexa LF 4.5k OpenGate Ana" "Working Extractions/Alexa LF 4.5k OpenGate" "Working Extractions/Red Komodo s35 6k FF" "Working Extractions/Alexa LF UHD" "Working Extractions/Alexa LF UHD Ana" "Working Extractions/Alexa LF 4.5k 2.39" "Movie Extractions/JOYRIDE Working" "Movie Extractions/Alexa LF 4.5k OpenGate Ana" "Movie Extractions/Alexa LF 4.5k OpenGate" "Movie Extractions/Red Komodo s35 6k FF" "Movie Extractions/Alexa LF UHD" "Movie Extractions/Alexa LF UHD Ana" "Movie Extractions/Alexa LF 4.5k 2.39" "Movie Extractions/Iphone 12 HD" "Movie Extractions/JOYRIDE Working Desqueezed" "Movie Extractions/BlackMagic 4k Pocket Cinema DCI" "Red Komodo s35/6k FF" "Iphone 12/HD" "Maya Extractions/Alexa LF 4.5k OpenGate Ana" "BlackMagic 4k Pocket Cinema/DCI" "Digital SLR/Full Frame" "Digital SLR/Full Frame Portrait" "Digital SLR/APS-C" "Digital SLR/APS-C Portrait" Generic/HD LatLong/360 LatLong/180}}
 setApertureValues "Working Extractions/Alexa LF 4.5k OpenGate Ana"
 addUserKnob {26 ""}
 addUserKnob {22 makeProjector l "Make Projector..." T "__import__('dnnuke.init.callbacks.on_user_create.tabs.camera', fromlist=\['makeProjectorNode']).makeProjectorNode()" +STARTLINE}
 addUserKnob {22 makeLinkedProjector l "Make Linked Projector..." -STARTLINE T "__import__('dnnuke.init.callbacks.on_user_create.tabs.camera', fromlist=\['makeProjectorNode']).makeLinkedProjectorNode()"}
 addUserKnob {26 ""}
 addUserKnob {7 hshake l "hero horiz shake" R -1 1}
 hshake {{curve x975 0 0 0 0 0 0 0 0 0 0 0 0 0 0 0 0 0 0 0 0 0 0 0 0 0 0 0 0 0 0 0 0 0 0 0 0 0 0 0 0 0 0 0 0 0 0 0 0 0 0 0 0 0 0 0 0 0 0 0 0 0 0 0 0 0 0 0 0 0 0 0 0 0 0 0 0 0 0 0 0 0 0 0 0 0 0 0 0 0 0 0 0 0 0 0 0 0 0 0 0 0 0 0 0 0 0 0 0 0 0 0 0 0 0 0 0 0 0 0 0 0 0 0 0 0 0 0 0 0 0 0 0 0 0 0 0 0 0 0 0 0 0 0 0 0 0 0 0 0 0 0 0 0 0 0 0 0 0 0 0 0 0 0 0 0 0 0 0 0 0 0 0 0 0 0 0 0 0 0 0 0 0 0 0 0 0 0 0 0 0 0 0 0}}
 addUserKnob {7 vshake l "hero vert shake" R -1 1}
 vshake {{curve x975 0 0 0 0 0 0 0 0 0 0 0 0 0 0 0 0 0 0 0 0 0 0 0 0 0 0 0 0 0 0 0 0 0 0 0 0 0 0 0 0 0 0 0 0 0 0 0 0 0 0 0 0 0 0 0 0 0 0 0 0 0 0 0 0 0 0 0 0 0 0 0 0 0 0 0 0 0 0 0 0 0 0 0 0 0 0 0 0 0 0 0 0 0 0 0 0 0 0 0 0 0 0 0 0 0 0 0 0 0 0 0 0 0 0 0 0 0 0 0 0 0 0 0 0 0 0 0 0 0 0 0 0 0 0 0 0 0 0 0 0 0 0 0 0 0 0 0 0 0 0 0 0 0 0 0 0 0 0 0 0 0 0 0 0 0 0 0 0 0 0 0 0 0 0 0 0 0 0 0 0 0 0 0 0 0 0 0 0 0 0 0 0 0}}
 addUserKnob {7 shakeroll l "hero shake roll" R -180 180}
 shakeroll {{curve x975 -0 -0 -0 -0 -0 -0 -0 -0 -0 -0 -0 -0 -0 -0 -0 -0 -0 -0 -0 -0 -0 -0 -0 -0 -0 -0 -0 -0 -0 -0 -0 -0 -0 -0 -0 -0 -0 -0 -0 -0 -0 -0 -0 -0 -0 -0 -0 -0 -0 -0 -0 -0 -0 -0 -0 -0 -0 -0 -0 -0 -0 -0 -0 -0 -0 -0 -0 -0 -0 -0 -0 -0 -0 -0 -0 -0 -0 -0 -0 -0 -0 -0 -0 -0 -0 -0 -0 -0 -0 -0 -0 -0 -0 -0 -0 -0 -0 -0 -0 -0 -0 -0 -0 -0 -0 -0 -0 -0 -0 -0 -0 -0 -0 -0 -0 -0 -0 -0 -0 -0 -0 -0 -0 -0 -0 -0 -0 -0 -0 -0 -0 -0 -0 -0 -0 -0 -0 -0 -0 -0 -0 -0 -0 -0 -0 -0 -0 -0 -0 -0 -0 -0 -0 -0 -0 -0 -0 -0 -0 -0 -0 -0 -0 -0 -0 -0 -0 -0 -0 -0 -0 -0 -0 -0 -0 -0 -0 -0 -0 -0 -0 -0 -0 -0 -0 -0 -0 -0 -0 -0 -0 -0 -0}}
 addUserKnob {7 shakeweight l "hero shake weight" R -1 1}
 addUserKnob {7 ahshake l "ambient horiz shake" R -1 1}
 addUserKnob {7 avshake l "ambient vert shake" R -1 1}
 addUserKnob {7 ashakeroll l "ambient shake roll" R -180 180}
 addUserKnob {7 ashakeweight l "ambient shake weight" R -1 1}
 addUserKnob {26 ""}
 addUserKnob {22 makeShakeCamera l "Make Shake Camera" T "__import__('dnnuke.init.callbacks.on_user_create.tabs.camera', fromlist=\['makeAmbientHeroShakeCamera']).makeAmbientHeroShakeCamera()" +STARTLINE}
 addUserKnob {22 makeShakeTransform l "Make Shake Transform" -STARTLINE T "__import__('dnnuke.init.callbacks.on_user_create.tabs.camera', fromlist=\['makeAmbientHeroShakeTransform']).makeAmbientHeroShakeTransform()"}
 addUserKnob {20 Ivy}
 addUserKnob {22 ivy_documentation l "Ivy Documentation" t "Open IvyTab documentation page in your web browser" T "__import__('dnnuke.toolbox.v1.nodes.docs', fromlist=\['open_docs_name']).open_docs_name('IvyTab')" +STARTLINE}
 addUserKnob {26 divider4 l "" +STARTLINE}
 addUserKnob {1 _ivyVals l "" +STARTLINE +HIDDEN}
 _ivyVals "\{'ivy_job': '', 'ivy_usemanualuri': False, 'leafname': '', 'ivy_vnum': 0, 'ivy_twignametags': \{\}, 'ivy_shot': '', 'ivy_regex': False, 'ivy_type': '', 'ivy_versionquery': '', 'spider_uri': ''\}"
 addUserKnob {52 ivyTab l "" -STARTLINE T "__import__('nukescripts').panels.WidgetKnob(__import__('dnnuke.core.ivy.tab.widget.query', fromlist=\['getBoundKnob']).getBoundKnob(nuke.thisNode()))"}
 addUserKnob {1 _ivyFile l "" +STARTLINE +HIDDEN +INVISIBLE}
 _ivyFile /jobs/JOYRIDE/grm0830/ivy/cam/C_grm0830_cameratrack_bg01_v004/C_grm0830_cameratrack_bg01_v004.abc
 addUserKnob {78 _expressions l "" -STARTLINE +HIDDEN +INVISIBLE n 1}
 _expressions {{curve}}
 addUserKnob {26 divider0 l "" +STARTLINE}
 addUserKnob {20 dbinfo l "DB Info" n 1}
 dbinfo 0
 addUserKnob {1 twig_dnuuid l "Twig Id"}
 twig_dnuuid 31a4862b-d2ee-4388-8b3d-1f0f4ec706a0
 addUserKnob {1 stalk_dnuuid l "Stalk Id"}
 stalk_dnuuid b9a58beb-4fa0-4586-be70-74f3e29e9a15
 addUserKnob {1 twigtype_dnuuid l "Twig Type Id"}
 twigtype_dnuuid d62f0cab-ff46-4c8e-b459-a230278cf967
 addUserKnob {1 leaf_dnuuid l "Leaf Id"}
 leaf_dnuuid 80ebeedb-3c53-4e6c-9b5d-bc4ef33cb62d
 addUserKnob {26 divider1 l "" +STARTLINE}
 addUserKnob {1 twigtype l "Twig Type"}
 twigtype cam
 addUserKnob {1 leaf_label l Leaf}
 leaf_label alembic
 addUserKnob {1 ivy_version l Version}
 ivy_version 4
 addUserKnob {43 ivy_notes l Notes}
 ivy_notes "Camera track done for the scan O_grm0830_comp_repo_flop_bg01_s01_00_v001 Frame Range(977 to 1165).\nThe 'upstairsHallway_2a' lidar is used from APKG for lineup.\nThe camera is solved as freemove in 30.1mm focal length.\nThe character(Ben) lineup is provided for scale reference in frame 977, 1010, 1090 & 1165.\nThe character(Mummy) lineup is provided for scale reference in frame 1090 & 1165.\nProxy geo provided for the Bluescreen_Geo, Kept it under mmgeo group.\nFocus distance 2.6ft to 3.3ft has been added in cameraRig.\nNote - Squeeze animated for this shot for better solve."
 addUserKnob {26 divider2 l "" +STARTLINE}
 addUserKnob {1 build_label l "Build Label"}
 addUserKnob {20 dbinfoEndGroup l "DB Info" n -1}
 addUserKnob {20 abc_user_props l Alembic}
 addUserKnob {26 _info l Info T "User Properties\nImported camera properties are scaled from inches to millimetres."}
 addUserKnob {3 dneg_coc_blur l "Dneg Coc Blur"}
 addUserKnob {7 dneg_coc_scale l "Dneg Coc Scale"}
 dneg_coc_scale 1
 addUserKnob {6 dneg_dof l "Dneg Dof" -STARTLINE}
 dneg_dof true
 addUserKnob {6 dneg_dof_debug l "Dneg Dof Debug" -STARTLINE}
 dneg_dof_debug true
 addUserKnob {7 dneg_fStop l "Dneg F Stop"}
 dneg_fStop 1
 addUserKnob {6 dneg_fg_clip l "Dneg Fg Clip" -STARTLINE}
 dneg_fg_clip true
 addUserKnob {7 dneg_fg_clip_distance l "Dneg Fg Clip Distance"}
 dneg_fg_clip_distance 40
 addUserKnob {7 dneg_focus_distance l "Dneg Focus Distance"}
 dneg_focus_distance 5
 addUserKnob {7 dneg_max_coc l "Dneg Max Coc"}
 dneg_max_coc 20
 addUserKnob {7 focus l Focus}
 focus {{curve x975 66.04 66.04 66.04 2.54 2.54 3.333340025 4.166675032 5.000010038 5.833345045 6.666680051 7.500015057 8.333350064 9.16668507 10.00002008 10.83335508 11.66669009 12.5000251 13.3333601 14.16669511 15.00003011 15.83336512 16.66670013 17.50003513 18.33337014 19.16670515 20.00004015 20.83337516 21.66671017 22.50004517 23.33338018 24.16671518 25.00005019 25.8333852 26.6667202 27.50005521 28.33339022 29.16672522 30.00006023 30.83339524 31.66673024 32.50006525 33.33340025 34.16673526 35.00007027 35.83340527 36.66674028 37.50007529 38.33341029 39.1667453 40.00008031 40.83341531 41.66675032 42.50008532 43.33342033 44.16675534 45.00009034 45.83342535 46.66676036 47.50009536 48.33343037 49.16676538 50.00010038 50.83343539 51.66677039 52.5001054 53.33344041 54.16677541 55.00011042 55.83344543 56.66678043 57.50011544 58.33345045 59.16678545 60.00012046 60.83345546 61.66679047 62.50012548 63.33346048 64.16679549 65.0001305 65.8334655 66.66680051 67.50013552 68.33347052 69.16680553 70.00014053 70.83347554 71.66681055 72.50014555 73.33348056 74.16681557 75.00015057 75.83348558 76.66682059 77.50015559 78.3334906 79.1668256 80.00016061 80.83349562 81.66683062 82.50016563 83.33350064 84.16683564 85.00017065 85.83350565 86.66684066 87.50017567 88.33351067 89.16684568 90.00018069 90.83351569 91.6668507 92.50018571 93.33352071 94.16685572 95.00019072 95.83352573 96.66686074 97.50019574 98.33353075 99.16686576 100.0002008 100.8335358 101.6668708 102.5002058 103.3335408 104.1668758 105.0002108 105.8335458 106.6668808 107.5002158 108.3335508 109.1668858 110.0002208 110.8335558 111.6668909 112.5002259 113.3335609 114.1668959 115.0002309 115.8335659 116.6669009 117.5002359 118.3335709 119.1669059 120.0002409 120.8335759 121.6669109 122.5002459 123.3335809 124.1669159 125.000251 125.833586 126.666921 127.500256 128.333591 129.166926 130.000261 130.833596 131.666931 132.500266 133.333601 134.166936 135.000271 135.833606 136.666941 137.500276 138.3336111 139.1669461 140.0002811 140.8336161 141.6669511 142.5002861 143.3336211 144.1669561 145.0002911 145.8336261 146.6669611 147.5002961 148.3336311 149.1669661 150.0003011 150.8336362 151.6669712 152.5003062 153.3336412 154.1669762 155.0003112 155.8336462 156.6669812 83.82 83.82 83.82}}
 addUserKnob {1 id l Id}
 id bg01
 addUserKnob {7 lensProfileZoom l "Lens Profile Zoom"}
 lensProfileZoom {{curve x975 763.7828071 763.7828071 763.7828071 763.7828071 763.7828071 763.7828071 763.7828071 763.7828071 763.7828071 763.7828071 763.7828071 763.7828071 763.7828071 763.7828071 763.7828071 763.7828071 763.7828071 763.7828071 763.7828071 763.7828071 763.7828071 763.7828071 763.7828071 763.7828071 763.7828071 763.7828071 763.7828071 763.7828071 763.7828071 763.7828071 763.7828071 763.7828071 763.7828071 763.7828071 763.7828071 763.7828071 763.7828071 763.7828071 763.7828071 763.7828071 763.7828071 763.7828071 763.7828071 763.7828071 763.7828071 763.7828071 763.7828071 763.7828071 763.7828071 763.7828071 763.7828071 763.7828071 763.7828071 763.7828071 763.7828071 763.7828071 763.7828071 763.7828071 763.7828071 763.7828071 763.7828071 763.7828071 763.7828071 763.7828071 763.7828071 763.7828071 763.7828071 763.7828071 763.7828071 763.7828071 763.7828071 763.7828071 763.7828071 763.7828071 763.7828071 763.7828071 763.7828071 763.7828071 763.7828071 763.7828071 763.7828071 763.7828071 763.7828071 763.7828071 763.7828071 763.7828071 763.7828071 763.7828071 763.7828071 763.7828071 763.7828071 763.7828071 763.7828071 763.7828071 763.7828071 763.7828071 763.7828071 763.7828071 763.7828071 763.7828071 763.7828071 763.7828071 763.7828071 763.7828071 763.7828071 763.7828071 763.7828071 763.7828071 763.7828071 763.7828071 763.7828071 763.7828071 763.7828071 763.7828071 763.7828071 763.7828071 763.7828071 763.7828071 763.7828071 763.7828071 763.7828071 763.7828071 763.7828071 763.7828071 763.7828071 763.7828071 763.7828071 763.7828071 763.7828071 763.7828071 763.7828071 763.7828071 763.7828071 763.7828071 763.7828071 763.7828071 763.7828071 763.7828071 763.7828071 763.7828071 763.7828071 763.7828071 763.7828071 763.7828071 763.7828071 763.7828071 763.7828071 763.7828071 763.7828071 763.7828071 763.7828071 763.7828071 763.7828071 763.7828071 763.7828071 763.7828071 763.7828071 763.7828071 763.7828071 763.7828071 763.7828071 763.7828071 763.7828071 763.7828071 763.7828071 763.7828071 763.7828071 763.7828071 763.7828071 763.7828071 763.7828071 763.7828071 763.7828071 763.7828071 763.7828071 763.7828071 763.7828071 763.7828071 763.7828071 763.7828071 763.7828071 763.7828071 763.7828071 763.7828071 763.7828071 763.7828071 763.7828071 763.7828071 763.7828071 763.7828071 763.7828071 763.7828071 763.7828071}}
 addUserKnob {1 lensSolve l "Lens Solve"}
 lensSolve /jobs/JOYRIDE/grm0830/ivy/lnd/LND_grm0830_cameratrack_bg01_v002/LND_grm0830_cameratrack_bg01_v002.lensdata
 addUserKnob {7 ambientShakeHorizontal l "Ambient Shake Horizontal"}
 ambientShakeHorizontal {{curve x975 0 0 0 0 0 0 0 0 0 0 0 0 0 0 0 0 0 0 0 0 0 0 0 0 0 0 0 0 0 0 0 0 0 0 0 0 0 0 0 0 0 0 0 0 0 0 0 0 0 0 0 0 0 0 0 0 0 0 0 0 0 0 0 0 0 0 0 0 0 0 0 0 0 0 0 0 0 0 0 0 0 0 0 0 0 0 0 0 0 0 0 0 0 0 0 0 0 0 0 0 0 0 0 0 0 0 0 0 0 0 0 0 0 0 0 0 0 0 0 0 0 0 0 0 0 0 0 0 0 0 0 0 0 0 0 0 0 0 0 0 0 0 0 0 0 0 0 0 0 0 0 0 0 0 0 0 0 0 0 0 0 0 0 0 0 0 0 0 0 0 0 0 0 0 0 0 0 0 0 0 0 0 0 0 0 0 0 0 0 0 0 0 0}}
 addUserKnob {7 ambientShakeRoll l "Ambient Shake Roll"}
 ambientShakeRoll {{curve x975 -0 -0 -0 -0 -0 -0 -0 -0 -0 -0 -0 -0 -0 -0 -0 -0 -0 -0 -0 -0 -0 -0 -0 -0 -0 -0 -0 -0 -0 -0 -0 -0 -0 -0 -0 -0 -0 -0 -0 -0 -0 -0 -0 -0 -0 -0 -0 -0 -0 -0 -0 -0 -0 -0 -0 -0 -0 -0 -0 -0 -0 -0 -0 -0 -0 -0 -0 -0 -0 -0 -0 -0 -0 -0 -0 -0 -0 -0 -0 -0 -0 -0 -0 -0 -0 -0 -0 -0 -0 -0 -0 -0 -0 -0 -0 -0 -0 -0 -0 -0 -0 -0 -0 -0 -0 -0 -0 -0 -0 -0 -0 -0 -0 -0 -0 -0 -0 -0 -0 -0 -0 -0 -0 -0 -0 -0 -0 -0 -0 -0 -0 -0 -0 -0 -0 -0 -0 -0 -0 -0 -0 -0 -0 -0 -0 -0 -0 -0 -0 -0 -0 -0 -0 -0 -0 -0 -0 -0 -0 -0 -0 -0 -0 -0 -0 -0 -0 -0 -0 -0 -0 -0 -0 -0 -0 -0 -0 -0 -0 -0 -0 -0 -0 -0 -0 -0 -0 -0 -0 -0 -0 -0 -0}}
 addUserKnob {7 ambientShakeVertical l "Ambient Shake Vertical"}
 ambientShakeVertical {{curve x975 0 0 0 0 0 0 0 0 0 0 0 0 0 0 0 0 0 0 0 0 0 0 0 0 0 0 0 0 0 0 0 0 0 0 0 0 0 0 0 0 0 0 0 0 0 0 0 0 0 0 0 0 0 0 0 0 0 0 0 0 0 0 0 0 0 0 0 0 0 0 0 0 0 0 0 0 0 0 0 0 0 0 0 0 0 0 0 0 0 0 0 0 0 0 0 0 0 0 0 0 0 0 0 0 0 0 0 0 0 0 0 0 0 0 0 0 0 0 0 0 0 0 0 0 0 0 0 0 0 0 0 0 0 0 0 0 0 0 0 0 0 0 0 0 0 0 0 0 0 0 0 0 0 0 0 0 0 0 0 0 0 0 0 0 0 0 0 0 0 0 0 0 0 0 0 0 0 0 0 0 0 0 0 0 0 0 0 0 0 0 0 0 0}}
 addUserKnob {7 heroShakeHorizontal l "Hero Shake Horizontal"}
 heroShakeHorizontal {{curve x975 0 0 0 0 0 0 0 0 0 0 0 0 0 0 0 0 0 0 0 0 0 0 0 0 0 0 0 0 0 0 0 0 0 0 0 0 0 0 0 0 0 0 0 0 0 0 0 0 0 0 0 0 0 0 0 0 0 0 0 0 0 0 0 0 0 0 0 0 0 0 0 0 0 0 0 0 0 0 0 0 0 0 0 0 0 0 0 0 0 0 0 0 0 0 0 0 0 0 0 0 0 0 0 0 0 0 0 0 0 0 0 0 0 0 0 0 0 0 0 0 0 0 0 0 0 0 0 0 0 0 0 0 0 0 0 0 0 0 0 0 0 0 0 0 0 0 0 0 0 0 0 0 0 0 0 0 0 0 0 0 0 0 0 0 0 0 0 0 0 0 0 0 0 0 0 0 0 0 0 0 0 0 0 0 0 0 0 0 0 0 0 0 0}}
 addUserKnob {7 heroShakeRoll l "Hero Shake Roll"}
 heroShakeRoll {{curve x975 -0 -0 -0 -0 -0 -0 -0 -0 -0 -0 -0 -0 -0 -0 -0 -0 -0 -0 -0 -0 -0 -0 -0 -0 -0 -0 -0 -0 -0 -0 -0 -0 -0 -0 -0 -0 -0 -0 -0 -0 -0 -0 -0 -0 -0 -0 -0 -0 -0 -0 -0 -0 -0 -0 -0 -0 -0 -0 -0 -0 -0 -0 -0 -0 -0 -0 -0 -0 -0 -0 -0 -0 -0 -0 -0 -0 -0 -0 -0 -0 -0 -0 -0 -0 -0 -0 -0 -0 -0 -0 -0 -0 -0 -0 -0 -0 -0 -0 -0 -0 -0 -0 -0 -0 -0 -0 -0 -0 -0 -0 -0 -0 -0 -0 -0 -0 -0 -0 -0 -0 -0 -0 -0 -0 -0 -0 -0 -0 -0 -0 -0 -0 -0 -0 -0 -0 -0 -0 -0 -0 -0 -0 -0 -0 -0 -0 -0 -0 -0 -0 -0 -0 -0 -0 -0 -0 -0 -0 -0 -0 -0 -0 -0 -0 -0 -0 -0 -0 -0 -0 -0 -0 -0 -0 -0 -0 -0 -0 -0 -0 -0 -0 -0 -0 -0 -0 -0 -0 -0 -0 -0 -0 -0}}
 addUserKnob {7 heroShakeVertical l "Hero Shake Vertical"}
 heroShakeVertical {{curve x975 0 0 0 0 0 0 0 0 0 0 0 0 0 0 0 0 0 0 0 0 0 0 0 0 0 0 0 0 0 0 0 0 0 0 0 0 0 0 0 0 0 0 0 0 0 0 0 0 0 0 0 0 0 0 0 0 0 0 0 0 0 0 0 0 0 0 0 0 0 0 0 0 0 0 0 0 0 0 0 0 0 0 0 0 0 0 0 0 0 0 0 0 0 0 0 0 0 0 0 0 0 0 0 0 0 0 0 0 0 0 0 0 0 0 0 0 0 0 0 0 0 0 0 0 0 0 0 0 0 0 0 0 0 0 0 0 0 0 0 0 0 0 0 0 0 0 0 0 0 0 0 0 0 0 0 0 0 0 0 0 0 0 0 0 0 0 0 0 0 0 0 0 0 0 0 0 0 0 0 0 0 0 0 0 0 0 0 0 0 0 0 0 0}}
 addUserKnob {7 horizontalFilmOffset l "Horizontal Film Offset"}
 horizontalFilmOffset {{curve x975 0 0 0 0 0 0 0 0 0 0 0 0 0 0 0 0 0 0 0 0 0 0 0 0 0 0 0 0 0 0 0 0 0 0 0 0 0 0 0 0 0 0 0 0 0 0 0 0 0 0 0 0 0 0 0 0 0 0 0 0 0 0 0 0 0 0 0 0 0 0 0 0 0 0 0 0 0 0 0 0 0 0 0 0 0 0 0 0 0 0 0 0 0 0 0 0 0 0 0 0 0 0 0 0 0 0 0 0 0 0 0 0 0 0 0 0 0 0 0 0 0 0 0 0 0 0 0 0 0 0 0 0 0 0 0 0 0 0 0 0 0 0 0 0 0 0 0 0 0 0 0 0 0 0 0 0 0 0 0 0 0 0 0 0 0 0 0 0 0 0 0 0 0 0 0 0 0 0 0 0 0 0 0 0 0 0 0 0 0 0 0 0 0}}
 addUserKnob {7 shakeHorizontal l "Shake Horizontal"}
 shakeHorizontal {{curve x975 0 0 0 0 0 0 0 0 0 0 0 0 0 0 0 0 0 0 0 0 0 0 0 0 0 0 0 0 0 0 0 0 0 0 0 0 0 0 0 0 0 0 0 0 0 0 0 0 0 0 0 0 0 0 0 0 0 0 0 0 0 0 0 0 0 0 0 0 0 0 0 0 0 0 0 0 0 0 0 0 0 0 0 0 0 0 0 0 0 0 0 0 0 0 0 0 0 0 0 0 0 0 0 0 0 0 0 0 0 0 0 0 0 0 0 0 0 0 0 0 0 0 0 0 0 0 0 0 0 0 0 0 0 0 0 0 0 0 0 0 0 0 0 0 0 0 0 0 0 0 0 0 0 0 0 0 0 0 0 0 0 0 0 0 0 0 0 0 0 0 0 0 0 0 0 0 0 0 0 0 0 0 0 0 0 0 0 0 0 0 0 0 0}}
 addUserKnob {7 shakeRoll l "Shake Roll"}
 shakeRoll {{curve x975 0 0 0 0 0 0 0 0 0 0 0 0 0 0 0 0 0 0 0 0 0 0 0 0 0 0 0 0 0 0 0 0 0 0 0 0 0 0 0 0 0 0 0 0 0 0 0 0 0 0 0 0 0 0 0 0 0 0 0 0 0 0 0 0 0 0 0 0 0 0 0 0 0 0 0 0 0 0 0 0 0 0 0 0 0 0 0 0 0 0 0 0 0 0 0 0 0 0 0 0 0 0 0 0 0 0 0 0 0 0 0 0 0 0 0 0 0 0 0 0 0 0 0 0 0 0 0 0 0 0 0 0 0 0 0 0 0 0 0 0 0 0 0 0 0 0 0 0 0 0 0 0 0 0 0 0 0 0 0 0 0 0 0 0 0 0 0 0 0 0 0 0 0 0 0 0 0 0 0 0 0 0 0 0 0 0 0 0 0 0 0 0 0}}
 addUserKnob {7 shakeVertical l "Shake Vertical"}
 shakeVertical {{curve x975 0 0 0 0 0 0 0 0 0 0 0 0 0 0 0 0 0 0 0 0 0 0 0 0 0 0 0 0 0 0 0 0 0 0 0 0 0 0 0 0 0 0 0 0 0 0 0 0 0 0 0 0 0 0 0 0 0 0 0 0 0 0 0 0 0 0 0 0 0 0 0 0 0 0 0 0 0 0 0 0 0 0 0 0 0 0 0 0 0 0 0 0 0 0 0 0 0 0 0 0 0 0 0 0 0 0 0 0 0 0 0 0 0 0 0 0 0 0 0 0 0 0 0 0 0 0 0 0 0 0 0 0 0 0 0 0 0 0 0 0 0 0 0 0 0 0 0 0 0 0 0 0 0 0 0 0 0 0 0 0 0 0 0 0 0 0 0 0 0 0 0 0 0 0 0 0 0 0 0 0 0 0 0 0 0 0 0 0 0 0 0 0 0}}
 addUserKnob {7 verticalFilmOffset l "Vertical Film Offset"}
 verticalFilmOffset {{curve x975 0 0 0 0 0 0 0 0 0 0 0 0 0 0 0 0 0 0 0 0 0 0 0 0 0 0 0 0 0 0 0 0 0 0 0 0 0 0 0 0 0 0 0 0 0 0 0 0 0 0 0 0 0 0 0 0 0 0 0 0 0 0 0 0 0 0 0 0 0 0 0 0 0 0 0 0 0 0 0 0 0 0 0 0 0 0 0 0 0 0 0 0 0 0 0 0 0 0 0 0 0 0 0 0 0 0 0 0 0 0 0 0 0 0 0 0 0 0 0 0 0 0 0 0 0 0 0 0 0 0 0 0 0 0 0 0 0 0 0 0 0 0 0 0 0 0 0 0 0 0 0 0 0 0 0 0 0 0 0 0 0 0 0 0 0 0 0 0 0 0 0 0 0 0 0 0 0 0 0 0 0 0 0 0 0 0 0 0 0 0 0 0 0}}
}
Text {
 inputs 0
 message "f\[value Camera16.fstop]"
 font /usr/share/fonts/msttcore/trebuc.ttf
 size 80
 xjustify right
 yjustify bottom
 box {-113.887 229.501 1969.887 1914.499}
 translate {0 32}
 center {1078 903}
 name Text1
 selected true
 xpos 12282
 ypos 30277
 addUserKnob {20 dneg l DNeg}
 addUserKnob {26 _version l "" +STARTLINE +INVISIBLE T 1.0}
 addUserKnob {7 padding l "padding %" R 0 20}
 padding 4
 addUserKnob {15 orig_box +HIDDEN}
 orig_box {-157.007 157.261 2013.007 1986.739}
}
