set cut_paste_input [stack 0]
version 12.1 v5
BackdropNode {
 inputs 0
 name BackdropNode4
 tile_color 0x2c2c2cff
 label "Layout \nCamera\nShot"
 note_font_size 42
 note_font_color 0x7f7f7fff
 selected true
 xpos 22208
 ypos 31687
 bdwidth 220
 bdheight 280
}
BackdropNode {
 inputs 0
 name BackdropNode5
 tile_color 0x2c2c2cff
 label "emit from"
 note_font_size 42
 note_font_color 0x7f7f7fff
 selected true
 xpos 22635
 ypos 31418
 bdwidth 240
 bdheight 240
}
BackdropNode {
 inputs 0
 name BackdropNode6
 tile_color 0x423b4fff
 label ASHES
 note_font_size 42
 note_font_color 0xa4a893ff
 selected true
 xpos 22643
 ypos 31707
 bdwidth 240
 bdheight 240
}
Camera2 {
 inputs 0
 read_from_file true
 translate {{curve x1015 0.6643012334 0.6674688377 0.6711359881 0.6751501244 0.6794160098 0.683706819 0.6877908367 0.6916449381 0.6954631086 0.6995564459 0.704315016 0.7099457825 0.7161334779 0.7223221749 0.72837991 0.7345680297 0.7409780623 0.7475216974 0.7543586633 0.7620715096 0.7713441325 0.7822886288 0.7939632175 0.8052953684 0.8160466601 0.8267299525 0.8377904574 0.8492015146 0.8607597968 0.8725158301 0.8846562942 0.897341633 0.9108676045 0.9256241109 0.9418823318 0.9595612395 0.9782665896 0.9975055518 1.016934177 1.036359902 1.055830732 1.075537371 1.095121105 1.114154149 1.131964022 1.14825648 1.163012116 1.176259878 1.188593628 1.199938517 1.210177113 1.219267962 1.227191042 1.23418425 1.240941373 1.247813412 1.254661825 1.261940751 1.269541625 1.276634027 1.283269443 1.290508397 1.296987791 1.3045444 1.312797322 1.320673131 1.328860036 1.337113169 1.343946199 1.3508307 1.357021416 1.3618492 1.367845675 1.375487149 1.382435575 1.388050096 1.395378971 1.401044858 1.406677127 1.413232329 1.419184379 1.427537871 1.435517205 1.441816223 1.450940216 1.460217475 1.464308207 1.471590052 1.476872893 1.481703073 1.491100352 1.496595724 1.50400441 1.511135918 1.518536536 1.528734953 1.533599331 1.538278563 1.543942369 1.54181722 1.548494894 1.54755048 1.546616909 1.549077662 1.547374821 1.547397845 1.548346316 1.543912393 1.543707181 1.547201857 1.540052034 1.537518952 1.535591545 1.52760867 1.527077505 1.517444301 1.510485926 1.509951696 1.5055997 1.500067291 1.500852043 1.4926184 1.487808859 1.488028286 1.479054375 1.478463302 1.4792578 1.47204386 1.477078248 1.473937567 1.471939844 1.476173706 1.468832461 1.472988185 1.469408479 1.470108045 1.474150138 1.470563319 1.476425836 1.472436417 1.476618239 1.478028421 1.477278114 1.481808226 1.477546129 1.4816446 1.475724961 1.478026593 1.475835515 1.473600877 1.475134485 1.471095986 1.475390187 1.469848767} {curve x1015 35.12577661 35.24518604 35.36703534 35.49115741 35.61770946 35.74644631 35.87745219 36.01082611 36.1466978 36.28524756 36.42661396 36.57077068 36.71767383 36.86725363 37.01965592 37.17512918 37.33360627 37.49495671 37.65943599 37.82768294 38.00033556 38.1779864 38.36027225 38.54773014 38.74151502 38.94287554 39.15254713 39.37095508 39.59882565 39.83764948 40.088399 40.3516275 40.62793951 40.91784563 41.22191163 41.54086569 41.87551941 42.22661888 42.59512504 42.9807426 43.3836089 43.80369679 44.24101769 44.69576818 45.16825345 45.65871155 46.16741097 46.69409378 47.23858391 47.8011522 48.38229874 48.98246858 49.6019498 50.24103899 50.90013661 51.57945146 52.27851956 52.99676114 53.73430572 54.49207217 55.27102141 56.0718688 56.89532462 57.76342844 58.69626687 59.69176372 60.74780969 61.8620447 63.03182768 64.25449695 65.52751102 66.8483976 68.21455236 69.62337245 71.0721431 72.55805608 74.07809889 75.62933277 77.20947356 78.81665533 80.44878255 82.10363822 83.77879938 85.47241156 87.18279948 88.90791195 90.6451927 92.39200643 94.14543679 95.90284844 97.66214672 99.42121727 101.1780305 102.9299779 104.6745411 106.4091596 108.1319201 109.8409995 111.534008 113.2078925 114.8596051 116.4862118 118.0859302 119.6563924 121.1946461 122.6982467 124.164403 125.591288 126.976846 128.3187872 129.6142966 130.8606738 132.0548434 133.1943563 134.2766942 135.2991933 136.2598219 137.1562181 137.9920402 138.7742068 139.5042726 140.1839887 140.8151932 141.3996017 141.9394398 142.4372004 142.8947937 143.3146053 143.6991713 144.0505507 144.3713209 144.6632109 144.9283485 145.1689719 145.3865289 145.5832506 145.7688551 145.9517434 146.1324029 146.3102985 146.4855301 146.6584808 146.8298982 147.0003045 147.1698007 147.3381067 147.5047849 147.6698197 147.8331831 147.9950149 148.1549767 148.3125601 148.4674503 148.6197453} {curve x1015 -138.2304987 -138.2333256 -138.2365837 -138.2400794 -138.2436272 -138.2470532 -138.2502768 -138.2533516 -138.2564102 -138.2595221 -138.2626721 -138.2659075 -138.269478 -138.2736497 -138.2784072 -138.2835204 -138.2887278 -138.2936406 -138.29777 -138.3007332 -138.3023236 -138.3027437 -138.3029541 -138.3039054 -138.3055884 -138.3072976 -138.3085934 -138.3094527 -138.3098227 -138.3095077 -138.3083569 -138.3062374 -138.3030447 -138.2988483 -138.293926 -138.288743 -138.2837885 -138.2793471 -138.2752127 -138.271009 -138.2663474 -138.2611997 -138.2559247 -138.2506968 -138.2456237 -138.2404386 -138.2352312 -138.2302919 -138.2258082 -138.2219702 -138.2187723 -138.2164314 -138.2147541 -138.2134828 -138.2126887 -138.2129851 -138.2152382 -138.2193248 -138.2252385 -138.2313564 -138.2363731 -138.2404295 -138.2444555 -138.2488575 -138.256924 -138.2684343 -138.2832436 -138.3003639 -138.3192166 -138.3389071 -138.3593317 -138.3812395 -138.4046851 -138.4294242 -138.4564303 -138.4869437 -138.5206703 -138.5583559 -138.5973044 -138.6374598 -138.6809608 -138.7260956 -138.7770338 -138.8295205 -138.8834582 -138.9402589 -139.0009031 -139.0604594 -139.1245213 -139.1928695 -139.2633177 -139.3385433 -139.4145238 -139.4947007 -139.5745408 -139.6598654 -139.7477019 -139.8325724 -139.9166075 -139.9994682 -140.0775559 -140.1607696 -140.2393164 -140.313768 -140.3895713 -140.4540171 -140.5072335 -140.5420769 -140.5603229 -140.5663978 -140.5685586 -140.5650455 -140.5653526 -140.5686698 -140.5704796 -140.5798401 -140.5822162 -140.5763569 -140.5633732 -140.5309683 -140.4897087 -140.4420748 -140.3859624 -140.3265528 -140.2705695 -140.2040002 -140.1370188 -140.0675092 -139.9902303 -139.9200069 -139.8455758 -139.7798339 -139.7277838 -139.6661557 -139.6109082 -139.5447355 -139.4692076 -139.3968935 -139.3049826 -139.2269131 -139.1457434 -139.0771928 -139.0117183 -138.9556234 -138.9112926 -138.8661137 -138.8342608 -138.794524 -138.7585645 -138.7165005 -138.6706706 -138.6275697 -138.5730903 -138.5312853}}
 rotate {{curve x1015 -88.1057347 -88.14955375 -88.19552895 -88.24220438 -88.28501566 -88.32473891 -88.35645678 -88.38539638 -88.41523393 -88.439213 -88.47006209 -88.49990718 -88.528659 -88.5583068 -88.58214453 -88.59656849 -88.61301185 -88.62351927 -88.63237344 -88.64022497 -88.63320146 -88.621522 -88.60900847 -88.58122284 -88.5596286 -88.53202321 -88.50868524 -88.48028572 -88.44619138 -88.42030107 -88.39433369 -88.38111286 -88.37211185 -88.37280008 -88.38201404 -88.39703148 -88.4127812 -88.42915474 -88.43776684 -88.44556196 -88.45022589 -88.44371196 -88.44411192 -88.44506308 -88.45343981 -88.46299104 -88.47685121 -88.50377013 -88.52816213 -88.55085115 -88.57068444 -88.58880047 -88.60471478 -88.6157205 -88.61832367 -88.61820007 -88.62227608 -88.62197674 -88.61673808 -88.61475801 -88.61265636 -88.60025788 -88.59358994 -88.58175177 -88.56469695 -88.55049702 -88.53349788 -88.51519357 -88.50120457 -88.48370966 -88.46773696 -88.45766535 -88.44744882 -88.43778453 -88.43294881 -88.42885853 -88.41549098 -88.40045641 -88.38485944 -88.36837499 -88.35266193 -88.33558204 -88.31719642 -88.30359052 -88.28547512 -88.26347756 -88.24365377 -88.22108524 -88.19723393 -88.17118998 -88.14006646 -88.11052029 -88.08050844 -88.04817559 -88.01696073 -87.97884145 -87.94324194 -87.91025824 -87.87685348 -87.85002381 -87.82181696 -87.7942498 -87.77021261 -87.74671057 -87.72361287 -87.70840015 -87.70152897 -87.71181318 -87.73152273 -87.75648593 -87.78726847 -87.81689501 -87.84083375 -87.86352222 -87.88173078 -87.8982172 -87.91700509 -87.93652582 -87.96113809 -87.99699057 -88.03342523 -88.07680104 -88.12148312 -88.16324513 -88.20660732 -88.24927767 -88.28964963 -88.33409454 -88.37210478 -88.40902917 -88.44431729 -88.46963969 -88.49593978 -88.51643955 -88.53828338 -88.55849646 -88.57635696 -88.59620071 -88.60983886 -88.62455496 -88.63023254 -88.63378813 -88.63653218 -88.63298625 -88.63460487 -88.62853154 -88.62962107 -88.62334937 -88.62011138 -88.61572272 -88.60717205 -88.60215082 -88.58793912 -88.58197355} {curve x1015 134.5893852 133.1910215 131.6498976 129.9649901 128.0951208 126.244723 124.5605557 123.1814754 121.6772391 120.0107209 118.0226338 115.8684936 113.2275162 110.3185313 107.4386336 104.4129527 101.2876221 98.31824756 95.41768047 92.1191583 88.48902475 84.86561428 81.21823899 77.66459606 74.31942291 71.25346477 68.26816677 65.68146574 63.4825507 61.63995879 60.23401191 59.30043185 58.99998932 59.10155557 59.6213275 60.60011772 61.70049 62.72692558 63.33689618 63.64030836 63.56038905 63.29269329 62.98074507 62.91842507 63.44477645 64.37967608 65.81282305 67.67009862 69.96238122 72.49925849 75.0389912 77.73986881 80.46774924 83.16506962 85.93563237 88.84608303 91.72865941 94.03918335 96.09726234 97.99922575 99.88149444 101.8665508 104.1113955 106.1107198 108.4349019 110.7419932 112.8039575 114.4868163 115.9688466 117.1181371 118.1087092 119.1304826 119.9265431 120.4063471 120.8655918 121.5231007 122.1953103 123.1723971 124.1220332 124.9936937 125.9819007 126.7601381 127.6825739 128.549192 129.1969844 129.8644906 130.8139091 131.5200842 132.4383332 133.4743113 134.3646719 135.4652882 136.4411052 137.4504051 138.3359238 139.1754949 140.1216511 140.9288001 141.6340431 142.4465656 142.9068727 143.5910194 144.1628202 144.5777069 145.0851115 145.372149 145.4668845 145.4043856 145.0308686 144.42208 143.960614 143.3349722 142.7654319 142.3834693 141.8818734 141.6873631 141.3619902 140.8101832 140.2192537 139.350769 138.2128012 137.1035557 135.7582404 134.2296651 132.8898336 131.1812274 129.3947481 127.6285429 125.414224 123.4126874 121.2271616 119.1131024 117.4905052 115.4323437 113.6183278 111.3998286 108.8188366 106.3573763 103.1697586 100.451857 97.56365668 95.09982328 92.75977902 90.74236111 89.14446312 87.54395842 86.39194145 85.01560096 83.77401592 82.35384119 80.85478713 79.43904572 77.73630363 76.38299613} {curve x1015 45.91062002 47.31847534 48.87331197 50.56621616 52.4448078 54.30884299 56.00458509 57.39686198 58.91462513 60.59392639 62.59641052 64.75495533 67.4079431 70.32519548 73.2138189 76.24293404 79.37154595 82.34013393 85.24418961 88.53839952 92.16577541 95.78866821 99.42824648 102.9849633 106.3296934 109.3938785 112.377232 114.96268 117.1619264 119.0106419 120.4170348 121.3605031 121.6728537 121.5891139 121.0903855 120.1348196 119.0529222 118.0473311 117.44772 117.1578146 117.2388401 117.522925 117.8471311 117.9243523 117.4173259 116.5075165 115.1031449 113.2746554 111.0096511 108.5012169 105.9782161 103.2943032 100.5788907 97.8930407 95.13006338 92.22768987 89.35233151 87.05198056 85.01332992 83.13323981 81.27891318 79.32492477 77.11269159 75.14521216 72.85667836 70.58399518 68.55154099 66.90021029 65.44814499 64.33363478 63.38212 62.40120373 61.64420143 61.20851605 60.79299001 60.18334081 59.55638009 58.62518333 57.72052471 56.88974095 55.94147833 55.20216849 54.31837134 53.50195089 52.89302405 52.26572703 51.35065341 50.66800483 49.77428648 48.75153125 47.86807226 46.77397653 45.79783519 44.78715451 43.90188906 43.0632034 42.11690928 41.30809672 40.60343625 39.79296226 39.32899312 38.6445162 38.07208883 37.65526716 37.14841585 36.85826584 36.76334575 36.82508485 37.19901684 37.80579764 38.26690692 38.89088773 39.45897221 39.84502251 40.34222085 40.53944736 40.86263513 41.41557929 42.00863471 42.8816346 44.01945214 45.13113624 46.47753737 48.00614205 49.34498996 51.05356895 52.83741201 54.60344988 56.81336498 58.81650182 61.00071716 63.11049715 64.73746495 66.79000743 68.606037 70.82406013 73.40393906 75.86736285 79.05050825 81.77054244 84.65447241 87.11798332 89.45836434 91.47221039 93.07225438 94.66824745 95.82426626 97.19602728 98.43741532 99.85556841 101.3532841 102.7717424 104.4699885 105.8256898}}
 scaling {{curve x1015 1 1 1 1 1 1 1 1 1 1 1 1 1 1 1 1 1 1 1 1 1 1 1 1 1 1 1 1 1 1 1 1 1 1 1 1 1 1 1 1 1 1 1 1 1 1 1 1 1 1 1 1 1 1 1 1 1 1 1 1 1 1 1 1 1 1 1 1 1 1 1 1 1 1 1 1 1 1 1 1 1 1 1 1 1 1 1 1 1 1 1 1 1 1 1 1 1 1 1 1 1 1 1 1 1 1 1 1 1 1 1 1 1 1 1 1 1 1 1 1 1 1 1 1 1 1 1 1 1 1 1 1 1 1 1 1 1 1 1 1 1 1 1 1 1 1 1 1 1 1 1 1 1 1} {curve x1015 1 1 1 1 1 1 1 1 1 1 1 1 1 1 1 1 1 1 1 1 1 1 1 1 1 1 1 1 1 1 1 1 1 1 1 1 1 1 1 1 1 1 1 1 1 1 1 1 1 1 1 1 1 1 1 1 1 1 1 1 1 1 1 1 1 1 1 1 1 1 1 1 1 1 1 1 1 1 1 1 1 1 1 1 1 1 1 1 1 1 1 1 1 1 1 1 1 1 1 1 1 1 1 1 1 1 1 1 1 1 1 1 1 1 1 1 1 1 1 1 1 1 1 1 1 1 1 1 1 1 1 1 1 1 1 1 1 1 1 1 1 1 1 1 1 1 1 1 1 1 1 1 1 1} {curve x1015 1 1 1 1 1 1 1 1 1 1 1 1 1 1 1 1 1 1 1 1 1 1 1 1 1 1 1 1 1 1 1 1 1 1 1 1 1 1 1 1 1 1 1 1 1 1 1 1 1 1 1 1 1 1 1 1 1 1 1 1 1 1 1 1 1 1 1 1 1 1 1 1 1 1 1 1 1 1 1 1 1 1 1 1 1 1 1 1 1 1 1 1 1 1 1 1 1 1 1 1 1 1 1 1 1 1 1 1 1 1 1 1 1 1 1 1 1 1 1 1 1 1 1 1 1 1 1 1 1 1 1 1 1 1 1 1 1 1 1 1 1 1 1 1 1 1 1 1 1 1 1 1 1 1}}
 uniform_scale {{curve x1015 1 1 1 1 1 1 1 1 1 1 1 1 1 1 1 1 1 1 1 1 1 1 1 1 1 1 1 1 1 1 1 1 1 1 1 1 1 1 1 1 1 1 1 1 1 1 1 1 1 1 1 1 1 1 1 1 1 1 1 1 1 1 1 1 1 1 1 1 1 1 1 1 1 1 1 1 1 1 1 1 1 1 1 1 1 1 1 1 1 1 1 1 1 1 1 1 1 1 1 1 1 1 1 1 1 1 1 1 1 1 1 1 1 1 1 1 1 1 1 1 1 1 1 1 1 1 1 1 1 1 1 1 1 1 1 1 1 1 1 1 1 1 1 1 1 1 1 1 1 1 1 1 1 1}}
 skew {{curve x1015 0 0 0 0 0 0 0 0 0 0 0 0 0 0 0 0 0 0 0 0 0 0 0 0 0 0 0 0 0 0 0 0 0 0 0 0 0 0 0 0 0 0 0 0 0 0 0 0 0 0 0 0 0 0 0 0 0 0 0 0 0 0 0 0 0 0 0 0 0 0 0 0 0 0 0 0 0 0 0 0 0 0 0 0 0 0 0 0 0 0 0 0 0 0 0 0 0 0 0 0 0 0 0 0 0 0 0 0 0 0 0 0 0 0 0 0 0 0 0 0 0 0 0 0 0 0 0 0 0 0 0 0 0 0 0 0 0 0 0 0 0 0 0 0 0 0 0 0 0 0 0 0 0 0} {curve x1015 0 0 0 0 0 0 0 0 0 0 0 0 0 0 0 0 0 0 0 0 0 0 0 0 0 0 0 0 0 0 0 0 0 0 0 0 0 0 0 0 0 0 0 0 0 0 0 0 0 0 0 0 0 0 0 0 0 0 0 0 0 0 0 0 0 0 0 0 0 0 0 0 0 0 0 0 0 0 0 0 0 0 0 0 0 0 0 0 0 0 0 0 0 0 0 0 0 0 0 0 0 0 0 0 0 0 0 0 0 0 0 0 0 0 0 0 0 0 0 0 0 0 0 0 0 0 0 0 0 0 0 0 0 0 0 0 0 0 0 0 0 0 0 0 0 0 0 0 0 0 0 0 0 0} {curve x1015 0 0 0 0 0 0 0 0 0 0 0 0 0 0 0 0 0 0 0 0 0 0 0 0 0 0 0 0 0 0 0 0 0 0 0 0 0 0 0 0 0 0 0 0 0 0 0 0 0 0 0 0 0 0 0 0 0 0 0 0 0 0 0 0 0 0 0 0 0 0 0 0 0 0 0 0 0 0 0 0 0 0 0 0 0 0 0 0 0 0 0 0 0 0 0 0 0 0 0 0 0 0 0 0 0 0 0 0 0 0 0 0 0 0 0 0 0 0 0 0 0 0 0 0 0 0 0 0 0 0 0 0 0 0 0 0 0 0 0 0 0 0 0 0 0 0 0 0 0 0 0 0 0 0}}
 pivot {{curve x1015 0 0 0 0 0 0 0 0 0 0 0 0 0 0 0 0 0 0 0 0 0 0 0 0 0 0 0 0 0 0 0 0 0 0 0 0 0 0 0 0 0 0 0 0 0 0 0 0 0 0 0 0 0 0 0 0 0 0 0 0 0 0 0 0 0 0 0 0 0 0 0 0 0 0 0 0 0 0 0 0 0 0 0 0 0 0 0 0 0 0 0 0 0 0 0 0 0 0 0 0 0 0 0 0 0 0 0 0 0 0 0 0 0 0 0 0 0 0 0 0 0 0 0 0 0 0 0 0 0 0 0 0 0 0 0 0 0 0 0 0 0 0 0 0 0 0 0 0 0 0 0 0 0 0} {curve x1015 0 0 0 0 0 0 0 0 0 0 0 0 0 0 0 0 0 0 0 0 0 0 0 0 0 0 0 0 0 0 0 0 0 0 0 0 0 0 0 0 0 0 0 0 0 0 0 0 0 0 0 0 0 0 0 0 0 0 0 0 0 0 0 0 0 0 0 0 0 0 0 0 0 0 0 0 0 0 0 0 0 0 0 0 0 0 0 0 0 0 0 0 0 0 0 0 0 0 0 0 0 0 0 0 0 0 0 0 0 0 0 0 0 0 0 0 0 0 0 0 0 0 0 0 0 0 0 0 0 0 0 0 0 0 0 0 0 0 0 0 0 0 0 0 0 0 0 0 0 0 0 0 0 0} {curve x1015 0 0 0 0 0 0 0 0 0 0 0 0 0 0 0 0 0 0 0 0 0 0 0 0 0 0 0 0 0 0 0 0 0 0 0 0 0 0 0 0 0 0 0 0 0 0 0 0 0 0 0 0 0 0 0 0 0 0 0 0 0 0 0 0 0 0 0 0 0 0 0 0 0 0 0 0 0 0 0 0 0 0 0 0 0 0 0 0 0 0 0 0 0 0 0 0 0 0 0 0 0 0 0 0 0 0 0 0 0 0 0 0 0 0 0 0 0 0 0 0 0 0 0 0 0 0 0 0 0 0 0 0 0 0 0 0 0 0 0 0 0 0 0 0 0 0 0 0 0 0 0 0 0 0}}
 focal {{curve x1015 17.8482132 17.8489666 17.84972 17.85047531 17.85123062 17.85199165 17.85276794 17.85357094 17.85441399 17.8553009 17.8562336 17.85721397 17.85824394 17.85932922 17.86048698 17.86173439 17.86309052 17.8645668 17.86615753 17.86784744 17.86961174 17.87141228 17.87320328 17.87494087 17.87657738 17.87806892 17.87938118 17.88048363 17.88136101 17.88200569 17.88242722 17.88264084 17.88267517 17.88257217 17.88237953 17.88215256 17.88195229 17.88183022 17.88183403 17.88199425 17.88232613 17.88282967 17.88349724 17.88430977 17.885252 17.88630104 17.88744354 17.88866043 17.88994408 17.89128113 17.89266205 17.89406967 17.89548111 17.89686203 17.89816666 17.8993454 17.90035057 17.90114784 17.9017334 17.90213966 17.90242577 17.90268326 17.90300369 17.90346909 17.90413857 17.90503693 17.90615845 17.90746689 17.90891838 17.91045761 17.91203499 17.91360855 17.91513634 17.91659164 17.91794777 17.91919518 17.92033005 17.92135811 17.92230034 17.92318153 17.9240284 17.92486763 17.92571831 17.92659569 17.92750931 17.92846298 17.92945862 17.93050003 17.93158913 17.93272781 17.93391991 17.9351635 17.93644905 17.93775749 17.93905258 17.94029045 17.9414196 17.94238472 17.94314766 17.94367599 17.94396973 17.94404602 17.94393921 17.94369698 17.94336891 17.94299507 17.94260788 17.94223022 17.94187164 17.94154358 17.94124985 17.94099426 17.94078255 17.94062233 17.94050789 17.94043732 17.94039917 17.94037819 17.94036674 17.94035339 17.94034004 17.94032669 17.94032478 17.94034004 17.94038582 17.94046783 17.9405899 17.94075203 17.94094658 17.9411602 17.94137383 17.94156647 17.94171524 17.94180489 17.94182968 17.94178963 17.94169044 17.94154549 17.9413681 17.94117165 17.94096375 17.94075775 17.94055557 17.94036674 17.94019127 17.94003487 17.93989754 17.93978119 17.93968391 17.93960762 17.93954849 17.93950653 17.93947983 17.93946266}}
 haperture {{curve x1015 36.69599915 36.69599915 36.69599915 36.69599915 36.69599915 36.69599915 36.69599915 36.69599915 36.69599915 36.69599915 36.69599915 36.69599915 36.69599915 36.69599915 36.69599915 36.69599915 36.69599915 36.69599915 36.69599915 36.69599915 36.69599915 36.69599915 36.69599915 36.69599915 36.69599915 36.69599915 36.69599915 36.69599915 36.69599915 36.69599915 36.69599915 36.69599915 36.69599915 36.69599915 36.69599915 36.69599915 36.69599915 36.69599915 36.69599915 36.69599915 36.69599915 36.69599915 36.69599915 36.69599915 36.69599915 36.69599915 36.69599915 36.69599915 36.69599915 36.69599915 36.69599915 36.69599915 36.69599915 36.69599915 36.69599915 36.69599915 36.69599915 36.69599915 36.69599915 36.69599915 36.69599915 36.69599915 36.69599915 36.69599915 36.69599915 36.69599915 36.69599915 36.69599915 36.69599915 36.69599915 36.69599915 36.69599915 36.69599915 36.69599915 36.69599915 36.69599915 36.69599915 36.69599915 36.69599915 36.69599915 36.69599915 36.69599915 36.69599915 36.69599915 36.69599915 36.69599915 36.69599915 36.69599915 36.69599915 36.69599915 36.69599915 36.69599915 36.69599915 36.69599915 36.69599915 36.69599915 36.69599915 36.69599915 36.69599915 36.69599915 36.69599915 36.69599915 36.69599915 36.69599915 36.69599915 36.69599915 36.69599915 36.69599915 36.69599915 36.69599915 36.69599915 36.69599915 36.69599915 36.69599915 36.69599915 36.69599915 36.69599915 36.69599915 36.69599915 36.69599915 36.69599915 36.69599915 36.69599915 36.69599915 36.69599915 36.69599915 36.69599915 36.69599915 36.69599915 36.69599915 36.69599915 36.69599915 36.69599915 36.69599915 36.69599915 36.69599915 36.69599915 36.69599915 36.69599915 36.69599915 36.69599915 36.69599915 36.69599915 36.69599915 36.69599915 36.69599915 36.69599915 36.69599915 36.69599915 36.69599915 36.69599915 36.69599915 36.69599915 36.69599915}}
 vaperture {{curve x1015 19.83300018 19.83300018 19.83300018 19.83300018 19.83300018 19.83300018 19.83300018 19.83300018 19.83300018 19.83300018 19.83300018 19.83300018 19.83300018 19.83300018 19.83300018 19.83300018 19.83300018 19.83300018 19.83300018 19.83300018 19.83300018 19.83300018 19.83300018 19.83300018 19.83300018 19.83300018 19.83300018 19.83300018 19.83300018 19.83300018 19.83300018 19.83300018 19.83300018 19.83300018 19.83300018 19.83300018 19.83300018 19.83300018 19.83300018 19.83300018 19.83300018 19.83300018 19.83300018 19.83300018 19.83300018 19.83300018 19.83300018 19.83300018 19.83300018 19.83300018 19.83300018 19.83300018 19.83300018 19.83300018 19.83300018 19.83300018 19.83300018 19.83300018 19.83300018 19.83300018 19.83300018 19.83300018 19.83300018 19.83300018 19.83300018 19.83300018 19.83300018 19.83300018 19.83300018 19.83300018 19.83300018 19.83300018 19.83300018 19.83300018 19.83300018 19.83300018 19.83300018 19.83300018 19.83300018 19.83300018 19.83300018 19.83300018 19.83300018 19.83300018 19.83300018 19.83300018 19.83300018 19.83300018 19.83300018 19.83300018 19.83300018 19.83300018 19.83300018 19.83300018 19.83300018 19.83300018 19.83300018 19.83300018 19.83300018 19.83300018 19.83300018 19.83300018 19.83300018 19.83300018 19.83300018 19.83300018 19.83300018 19.83300018 19.83300018 19.83300018 19.83300018 19.83300018 19.83300018 19.83300018 19.83300018 19.83300018 19.83300018 19.83300018 19.83300018 19.83300018 19.83300018 19.83300018 19.83300018 19.83300018 19.83300018 19.83300018 19.83300018 19.83300018 19.83300018 19.83300018 19.83300018 19.83300018 19.83300018 19.83300018 19.83300018 19.83300018 19.83300018 19.83300018 19.83300018 19.83300018 19.83300018 19.83300018 19.83300018 19.83300018 19.83300018 19.83300018 19.83300018 19.83300018 19.83300018 19.83300018 19.83300018 19.83300018 19.83300018 19.83300018}}
 near {{curve x1015 0.1000000015 0.1000000015 0.1000000015 0.1000000015 0.1000000015 0.1000000015 0.1000000015 0.1000000015 0.1000000015 0.1000000015 0.1000000015 0.1000000015 0.1000000015 0.1000000015 0.1000000015 0.1000000015 0.1000000015 0.1000000015 0.1000000015 0.1000000015 0.1000000015 0.1000000015 0.1000000015 0.1000000015 0.1000000015 0.1000000015 0.1000000015 0.1000000015 0.1000000015 0.1000000015 0.1000000015 0.1000000015 0.1000000015 0.1000000015 0.1000000015 0.1000000015 0.1000000015 0.1000000015 0.1000000015 0.1000000015 0.1000000015 0.1000000015 0.1000000015 0.1000000015 0.1000000015 0.1000000015 0.1000000015 0.1000000015 0.1000000015 0.1000000015 0.1000000015 0.1000000015 0.1000000015 0.1000000015 0.1000000015 0.1000000015 0.1000000015 0.1000000015 0.1000000015 0.1000000015 0.1000000015 0.1000000015 0.1000000015 0.1000000015 0.1000000015 0.1000000015 0.1000000015 0.1000000015 0.1000000015 0.1000000015 0.1000000015 0.1000000015 0.1000000015 0.1000000015 0.1000000015 0.1000000015 0.1000000015 0.1000000015 0.1000000015 0.1000000015 0.1000000015 0.1000000015 0.1000000015 0.1000000015 0.1000000015 0.1000000015 0.1000000015 0.1000000015 0.1000000015 0.1000000015 0.1000000015 0.1000000015 0.1000000015 0.1000000015 0.1000000015 0.1000000015 0.1000000015 0.1000000015 0.1000000015 0.1000000015 0.1000000015 0.1000000015 0.1000000015 0.1000000015 0.1000000015 0.1000000015 0.1000000015 0.1000000015 0.1000000015 0.1000000015 0.1000000015 0.1000000015 0.1000000015 0.1000000015 0.1000000015 0.1000000015 0.1000000015 0.1000000015 0.1000000015 0.1000000015 0.1000000015 0.1000000015 0.1000000015 0.1000000015 0.1000000015 0.1000000015 0.1000000015 0.1000000015 0.1000000015 0.1000000015 0.1000000015 0.1000000015 0.1000000015 0.1000000015 0.1000000015 0.1000000015 0.1000000015 0.1000000015 0.1000000015 0.1000000015 0.1000000015 0.1000000015 0.1000000015 0.1000000015 0.1000000015 0.1000000015 0.1000000015 0.1000000015 0.1000000015 0.1000000015 0.1000000015 0.1000000015 0.1000000015 0.1000000015}}
 far {{curve x1015 10000 10000 10000 10000 10000 10000 10000 10000 10000 10000 10000 10000 10000 10000 10000 10000 10000 10000 10000 10000 10000 10000 10000 10000 10000 10000 10000 10000 10000 10000 10000 10000 10000 10000 10000 10000 10000 10000 10000 10000 10000 10000 10000 10000 10000 10000 10000 10000 10000 10000 10000 10000 10000 10000 10000 10000 10000 10000 10000 10000 10000 10000 10000 10000 10000 10000 10000 10000 10000 10000 10000 10000 10000 10000 10000 10000 10000 10000 10000 10000 10000 10000 10000 10000 10000 10000 10000 10000 10000 10000 10000 10000 10000 10000 10000 10000 10000 10000 10000 10000 10000 10000 10000 10000 10000 10000 10000 10000 10000 10000 10000 10000 10000 10000 10000 10000 10000 10000 10000 10000 10000 10000 10000 10000 10000 10000 10000 10000 10000 10000 10000 10000 10000 10000 10000 10000 10000 10000 10000 10000 10000 10000 10000 10000 10000 10000 10000 10000 10000 10000 10000 10000 10000 10000}}
 win_translate {{curve x1015 0 0 0 0 0 0 0 0 0 0 0 0 0 0 0 0 0 0 0 0 0 0 0 0 0 0 0 0 0 0 0 0 0 0 0 0 0 0 0 0 0 0 0 0 0 0 0 0 0 0 0 0 0 0 0 0 0 0 0 0 0 0 0 0 0 0 0 0 0 0 0 0 0 0 0 0 0 0 0 0 0 0 0 0 0 0 0 0 0 0 0 0 0 0 0 0 0 0 0 0 0 0 0 0 0 0 0 0 0 0 0 0 0 0 0 0 0 0 0 0 0 0 0 0 0 0 0 0 0 0 0 0 0 0 0 0 0 0 0 0 0 0 0 0 0 0 0 0 0 0 0 0 0 0} {curve x1015 0 0 0 0 0 0 0 0 0 0 0 0 0 0 0 0 0 0 0 0 0 0 0 0 0 0 0 0 0 0 0 0 0 0 0 0 0 0 0 0 0 0 0 0 0 0 0 0 0 0 0 0 0 0 0 0 0 0 0 0 0 0 0 0 0 0 0 0 0 0 0 0 0 0 0 0 0 0 0 0 0 0 0 0 0 0 0 0 0 0 0 0 0 0 0 0 0 0 0 0 0 0 0 0 0 0 0 0 0 0 0 0 0 0 0 0 0 0 0 0 0 0 0 0 0 0 0 0 0 0 0 0 0 0 0 0 0 0 0 0 0 0 0 0 0 0 0 0 0 0 0 0 0 0}}
 win_scale {{curve x1015 1 1 1 1 1 1 1 1 1 1 1 1 1 1 1 1 1 1 1 1 1 1 1 1 1 1 1 1 1 1 1 1 1 1 1 1 1 1 1 1 1 1 1 1 1 1 1 1 1 1 1 1 1 1 1 1 1 1 1 1 1 1 1 1 1 1 1 1 1 1 1 1 1 1 1 1 1 1 1 1 1 1 1 1 1 1 1 1 1 1 1 1 1 1 1 1 1 1 1 1 1 1 1 1 1 1 1 1 1 1 1 1 1 1 1 1 1 1 1 1 1 1 1 1 1 1 1 1 1 1 1 1 1 1 1 1 1 1 1 1 1 1 1 1 1 1 1 1 1 1 1 1 1 1} {curve x1015 1 1 1 1 1 1 1 1 1 1 1 1 1 1 1 1 1 1 1 1 1 1 1 1 1 1 1 1 1 1 1 1 1 1 1 1 1 1 1 1 1 1 1 1 1 1 1 1 1 1 1 1 1 1 1 1 1 1 1 1 1 1 1 1 1 1 1 1 1 1 1 1 1 1 1 1 1 1 1 1 1 1 1 1 1 1 1 1 1 1 1 1 1 1 1 1 1 1 1 1 1 1 1 1 1 1 1 1 1 1 1 1 1 1 1 1 1 1 1 1 1 1 1 1 1 1 1 1 1 1 1 1 1 1 1 1 1 1 1 1 1 1 1 1 1 1 1 1 1 1 1 1 1 1}}
 focal_point {{curve x1015 9.143571854 9.143571854 9.143571854 9.143571854 9.143571854 9.143571854 9.143571854 9.143571854 9.143571854 9.143571854 9.143571854 9.143571854 9.143571854 9.143571854 9.143571854 9.143571854 9.143571854 9.143571854 9.143571854 9.143571854 9.143571854 9.143571854 9.143571854 9.143571854 9.143571854 9.143571854 9.143571854 9.143571854 9.143571854 9.143571854 9.143571854 9.143571854 9.143571854 9.143571854 9.143571854 9.143571854 9.143571854 9.143571854 9.143571854 9.143571854 9.143571854 9.143571854 9.143571854 9.143571854 9.143571854 9.143571854 9.143571854 9.143571854 9.143571854 9.143571854 9.143571854 9.143571854 9.143571854 9.143571854 9.143571854 9.143571854 9.143571854 9.143571854 9.143571854 9.143571854 9.143571854 9.143571854 9.143571854 9.143571854 9.143571854 9.143571854 9.143571854 9.143571854 9.143571854 9.143571854 9.143571854 9.143571854 9.143571854 9.143571854 9.143571854 9.143571854 9.143571854 9.143571854 9.143571854 9.143571854 9.143571854 9.143571854 9.143571854 9.143571854 9.143571854 9.143571854 9.143571854 9.143571854 9.143571854 9.143571854 9.143571854 9.143571854 9.143571854 9.143571854 9.143571854 9.143571854 9.143571854 9.143571854 9.143571854 9.143571854 9.143571854 9.143571854 9.143571854 9.143571854 9.143571854 9.143571854 9.143571854 9.143571854 9.143571854 9.143571854 9.143571854 9.143571854 9.143571854 9.143571854 9.143571854 9.143571854 9.143571854 9.143571854 9.143571854 9.143571854 9.143571854 9.143571854 9.143571854 9.143571854 9.143571854 9.143571854 9.143571854 9.143571854 9.143571854 9.143571854 9.143571854 9.143571854 9.143571854 9.143571854 9.143571854 9.143571854 9.143571854 9.143571854 9.143571854 9.143571854 9.143571854 9.143571854 9.143571854 9.143571854 9.143571854 9.143571854 9.143571854 9.143571854 9.143571854 9.143571854 9.143571854 9.143571854 9.143571854 9.143571854}}
 fstop {{curve x1015 5.599999905 5.599999905 5.599999905 5.599999905 5.599999905 5.599999905 5.599999905 5.599999905 5.599999905 5.599999905 5.599999905 5.599999905 5.599999905 5.599999905 5.599999905 5.599999905 5.599999905 5.599999905 5.599999905 5.599999905 5.599999905 5.599999905 5.599999905 5.599999905 5.599999905 5.599999905 5.599999905 5.599999905 5.599999905 5.599999905 5.599999905 5.599999905 5.599999905 5.599999905 5.599999905 5.599999905 5.599999905 5.599999905 5.599999905 5.599999905 5.599999905 5.599999905 5.599999905 5.599999905 5.599999905 5.599999905 5.599999905 5.599999905 5.599999905 5.599999905 5.599999905 5.599999905 5.599999905 5.599999905 5.599999905 5.599999905 5.599999905 5.599999905 5.599999905 5.599999905 5.599999905 5.599999905 5.599999905 5.599999905 5.599999905 5.599999905 5.599999905 5.599999905 5.599999905 5.599999905 5.599999905 5.599999905 5.599999905 5.599999905 5.599999905 5.599999905 5.599999905 5.599999905 5.599999905 5.599999905 5.599999905 5.599999905 5.599999905 5.599999905 5.599999905 5.599999905 5.599999905 5.599999905 5.599999905 5.599999905 5.599999905 5.599999905 5.599999905 5.599999905 5.599999905 5.599999905 5.599999905 5.599999905 5.599999905 5.599999905 5.599999905 5.599999905 5.599999905 5.599999905 5.599999905 5.599999905 5.599999905 5.599999905 5.599999905 5.599999905 5.599999905 5.599999905 5.599999905 5.599999905 5.599999905 5.599999905 5.599999905 5.599999905 5.599999905 5.599999905 5.599999905 5.599999905 5.599999905 5.599999905 5.599999905 5.599999905 5.599999905 5.599999905 5.599999905 5.599999905 5.599999905 5.599999905 5.599999905 5.599999905 5.599999905 5.599999905 5.599999905 5.599999905 5.599999905 5.599999905 5.599999905 5.599999905 5.599999905 5.599999905 5.599999905 5.599999905 5.599999905 5.599999905 5.599999905 5.599999905 5.599999905 5.599999905 5.599999905 5.599999905}}
 file /jobs/STONE/110_fof_0010/ivy/cam/C_110_fof_0010_layout_shot_v001/C_110_fof_0010_layout_shot_v001.abc
 suppress_dialog true
 name Camera1
 selected true
 xpos 22285
 ypos 31827
 icon popcorn_raw.png
 addUserKnob {20 DNeg}
 addUserKnob {26 _version l "" +STARTLINE +INVISIBLE T 1.0}
 addUserKnob {41 "horiz aperture" T haperture}
 addUserKnob {41 "vert aperture" T vaperture}
 addUserKnob {4 setApertureValues l "" t "Set aperture values based on registered camera sensor data. The 'read from file' knob needs to be disabled and any potential curves deleted." +STARTLINE M {"Set Aperture Values" "Generic/1080p HD" "Alexa LF/4.5k 2.39" "Alexa MINI LF/4.5k OpenGate" "Alexa MINI LF/UHD" "Alexa MINI LF/Square Ana" "Alexa MINI LF/Square Ana Desqueezed" "Alexa MINI LF/4.5k OpenGate Ana" "Alexa MINI LF/4.5k OpenGate Ana Desqueezed" "Alexa MINI LF/4.5k OpenGate Ana Desqueezed 8K" "Movie Extractions/STONE Working Alexa Sph UHD" "Movie Extractions/Alexa MINI LF UHD" "Movie Extractions/STONE Working Alexa Sph 1.85" "Movie Extractions/Alexa MINI LF 4.5k OpenGate" "Movie Extractions/Alexa MINI LF Square Ana Desqueezed" "Movie Extractions/Alexa MINI LF Square Ana" "Movie Extractions/STONE Working Alexa Square Ana" "Movie Extractions/Alexa MINI LF 4.5k OpenGate Desqueezed" "Movie Extractions/Alexa MINI LF 4.5k OpenGate Ana" "Movie Extractions/STONE Working Alexa Ana" "Movie Extractions/Alexa LF 4.5k 2.39" "Movie Extractions/STONE Working Alexa Sph 2.39" "Movie Extractions/Red DSMC2 Monstro VV 7K FF" "Movie Extractions/Sony Venice 6k 17:9" "Movie Extractions/BlackMagic 6k Pocket Cinema 2k 1.89" "Movie Extractions/STONE Working BlackMagic 2k" "Movie Extractions/BlackMagic 6k Pocket Cinema 6k 16:9" "Movie Extractions/STONE Working Alexa SXT" "Movie Extractions/Alexa SXT OpenGate 1.55" "Working Extractions/Alexa MINI LF UHD" "Working Extractions/Alexa MINI LF 4.5k OpenGate" "Working Extractions/Alexa MINI LF Square Ana" "Working Extractions/Alexa MINI LF 4.5k OpenGate Ana" "Working Extractions/Alexa LF 4.5k 2.39" "Working Extractions/Sony Venice 6k 17:9" "Working Extractions/Red DSMC2 Monstro VV 7K FF" "Working Extractions/BlackMagic 6k Pocket Cinema 2k 1.89" "Working Extractions/Alexa MINI LF 4.5k OpenGate Ana Desqueezed 8K" "Working Extractions/Alexa SXT OpenGate 1.55" "Sony Venice/6k 17:9" "Red DSMC2 Monstro VV/7K FF" "BlackMagic 6k Pocket Cinema/2k 1.89" "BlackMagic 6k Pocket Cinema/16:9" "Maya Extractions/STONE Working Alexa Sph UHD" "Alexa SXT/OpenGate 1.55" "Digital SLR/Full Frame" "Digital SLR/Full Frame Portrait" "Digital SLR/APS-C" "Digital SLR/APS-C Portrait" Generic/HD LatLong/360 LatLong/180}}
 addUserKnob {26 ""}
 addUserKnob {22 makeProjector l "Make Projector..." T "__import__('dnnuke.init.callbacks.on_user_create.tabs.camera', fromlist=\['makeProjectorNode']).makeProjectorNode()" +STARTLINE}
 addUserKnob {22 makeLinkedProjector l "Make Linked Projector..." -STARTLINE T "__import__('dnnuke.init.callbacks.on_user_create.tabs.camera', fromlist=\['makeProjectorNode']).makeLinkedProjectorNode()"}
 addUserKnob {26 ""}
 addUserKnob {7 hshake l "hero horiz shake" +DISABLED R -1 1}
 hshake {{curve x1015 0 0 0 0 0 0 0 0 0 0 0 0 0 0 0 0 0 0 0 0 0 0 0 0 0 0 0 0 0 0 0 0 0 0 0 0 0 0 0 0 0 0 0 0 0 0 0 0 0 0 0 0 0 0 0 0 0 0 0 0 0 0 0 0 0 0 0 0 0 0 0 0 0 0 0 0 0 0 0 0 0 0 0 0 0 0 0 0 0 0 0 0 0 0 0 0 0 0 0 0 0 0 0 0 0 0 0 0 0 0 0 0 0 0 0 0 0 0 0 0 0 0 0 0 0 0 0 0 0 0 0 0 0 0 0 0 0 0 0 0 0 0 0 0 0 0 0 0 0 0 0 0 0 0}}
 addUserKnob {7 vshake l "hero vert shake" +DISABLED R -1 1}
 vshake {{curve x1015 0 0 0 0 0 0 0 0 0 0 0 0 0 0 0 0 0 0 0 0 0 0 0 0 0 0 0 0 0 0 0 0 0 0 0 0 0 0 0 0 0 0 0 0 0 0 0 0 0 0 0 0 0 0 0 0 0 0 0 0 0 0 0 0 0 0 0 0 0 0 0 0 0 0 0 0 0 0 0 0 0 0 0 0 0 0 0 0 0 0 0 0 0 0 0 0 0 0 0 0 0 0 0 0 0 0 0 0 0 0 0 0 0 0 0 0 0 0 0 0 0 0 0 0 0 0 0 0 0 0 0 0 0 0 0 0 0 0 0 0 0 0 0 0 0 0 0 0 0 0 0 0 0 0}}
 addUserKnob {7 shakeroll l "hero shake roll" +DISABLED R -180 180}
 shakeroll {{curve x1015 -0 -0 -0 -0 -0 -0 -0 -0 -0 -0 -0 -0 -0 -0 -0 -0 -0 -0 -0 -0 -0 -0 -0 -0 -0 -0 -0 -0 -0 -0 -0 -0 -0 -0 -0 -0 -0 -0 -0 -0 -0 -0 -0 -0 -0 -0 -0 -0 -0 -0 -0 -0 -0 -0 -0 -0 -0 -0 -0 -0 -0 -0 -0 -0 -0 -0 -0 -0 -0 -0 -0 -0 -0 -0 -0 -0 -0 -0 -0 -0 -0 -0 -0 -0 -0 -0 -0 -0 -0 -0 -0 -0 -0 -0 -0 -0 -0 -0 -0 -0 -0 -0 -0 -0 -0 -0 -0 -0 -0 -0 -0 -0 -0 -0 -0 -0 -0 -0 -0 -0 -0 -0 -0 -0 -0 -0 -0 -0 -0 -0 -0 -0 -0 -0 -0 -0 -0 -0 -0 -0 -0 -0 -0 -0 -0 -0 -0 -0 -0 -0 -0 -0 -0 -0}}
 addUserKnob {7 shakeweight l "hero shake weight" R -1 1}
 shakeweight {{curve x1015 1 1 1 1 1 1 1 1 1 1 1 1 1 1 1 1 1 1 1 1 1 1 1 1 1 1 1 1 1 1 1 1 1 1 1 1 1 1 1 1 1 1 1 1 1 1 1 1 1 1 1 1 1 1 1 1 1 1 1 1 1 1 1 1 1 1 1 1 1 1 1 1 1 1 1 1 1 1 1 1 1 1 1 1 1 1 1 1 1 1 1 1 1 1 1 1 1 1 1 1 1 1 1 1 1 1 1 1 1 1 1 1 1 1 1 1 1 1 1 1 1 1 1 1 1 1 1 1 1 1 1 1 1 1 1 1 1 1 1 1 1 1 1 1 1 1 1 1 1 1 1 1 1 1}}
 addUserKnob {7 ahshake l "ambient horiz shake" +DISABLED R -1 1}
 ahshake {{curve x1015 0 0 0 0 0 0 0 0 0 0 0 0 0 0 0 0 0 0 0 0 0 0 0 0 0 0 0 0 0 0 0 0 0 0 0 0 0 0 0 0 0 0 0 0 0 0 0 0 0 0 0 0 0 0 0 0 0 0 0 0 0 0 0 0 0 0 0 0 0 0 0 0 0 0 0 0 0 0 0 0 0 0 0 0 0 0 0 0 0 0 0 0 0 0 0 0 0 0 0 0 0 0 0 0 0 0 0 0 0 0 0 0 0 0 0 0 0 0 0 0 0 0 0 0 0 0 0 0 0 0 0 0 0 0 0 0 0 0 0 0 0 0 0 0 0 0 0 0 0 0 0 0 0 0}}
 addUserKnob {7 avshake l "ambient vert shake" +DISABLED R -1 1}
 avshake {{curve x1015 0 0 0 0 0 0 0 0 0 0 0 0 0 0 0 0 0 0 0 0 0 0 0 0 0 0 0 0 0 0 0 0 0 0 0 0 0 0 0 0 0 0 0 0 0 0 0 0 0 0 0 0 0 0 0 0 0 0 0 0 0 0 0 0 0 0 0 0 0 0 0 0 0 0 0 0 0 0 0 0 0 0 0 0 0 0 0 0 0 0 0 0 0 0 0 0 0 0 0 0 0 0 0 0 0 0 0 0 0 0 0 0 0 0 0 0 0 0 0 0 0 0 0 0 0 0 0 0 0 0 0 0 0 0 0 0 0 0 0 0 0 0 0 0 0 0 0 0 0 0 0 0 0 0}}
 addUserKnob {7 ashakeroll l "ambient shake roll" +DISABLED R -180 180}
 ashakeroll {{curve x1015 -0 -0 -0 -0 -0 -0 -0 -0 -0 -0 -0 -0 -0 -0 -0 -0 -0 -0 -0 -0 -0 -0 -0 -0 -0 -0 -0 -0 -0 -0 -0 -0 -0 -0 -0 -0 -0 -0 -0 -0 -0 -0 -0 -0 -0 -0 -0 -0 -0 -0 -0 -0 -0 -0 -0 -0 -0 -0 -0 -0 -0 -0 -0 -0 -0 -0 -0 -0 -0 -0 -0 -0 -0 -0 -0 -0 -0 -0 -0 -0 -0 -0 -0 -0 -0 -0 -0 -0 -0 -0 -0 -0 -0 -0 -0 -0 -0 -0 -0 -0 -0 -0 -0 -0 -0 -0 -0 -0 -0 -0 -0 -0 -0 -0 -0 -0 -0 -0 -0 -0 -0 -0 -0 -0 -0 -0 -0 -0 -0 -0 -0 -0 -0 -0 -0 -0 -0 -0 -0 -0 -0 -0 -0 -0 -0 -0 -0 -0 -0 -0 -0 -0 -0 -0}}
 addUserKnob {7 ashakeweight l "ambient shake weight" R -1 1}
 ashakeweight {{curve x1015 1 1 1 1 1 1 1 1 1 1 1 1 1 1 1 1 1 1 1 1 1 1 1 1 1 1 1 1 1 1 1 1 1 1 1 1 1 1 1 1 1 1 1 1 1 1 1 1 1 1 1 1 1 1 1 1 1 1 1 1 1 1 1 1 1 1 1 1 1 1 1 1 1 1 1 1 1 1 1 1 1 1 1 1 1 1 1 1 1 1 1 1 1 1 1 1 1 1 1 1 1 1 1 1 1 1 1 1 1 1 1 1 1 1 1 1 1 1 1 1 1 1 1 1 1 1 1 1 1 1 1 1 1 1 1 1 1 1 1 1 1 1 1 1 1 1 1 1 1 1 1 1 1 1}}
 addUserKnob {26 ""}
 addUserKnob {22 makeShakeCamera l "Make Shake Camera" T "__import__('dnnuke.init.callbacks.on_user_create.tabs.camera', fromlist=\['makeAmbientHeroShakeCamera']).makeAmbientHeroShakeCamera()" +STARTLINE}
 addUserKnob {22 makeShakeTransform l "Make Shake Transform" -STARTLINE T "__import__('dnnuke.init.callbacks.on_user_create.tabs.camera', fromlist=\['makeAmbientHeroShakeTransform']).makeAmbientHeroShakeTransform()"}
 addUserKnob {20 Ivy}
 addUserKnob {22 ivy_documentation l "Ivy Documentation" t "Open IvyTab documentation page in your web browser" T "__import__('dnnuke.toolbox.v1.nodes.docs', fromlist=\['open_docs_name']).open_docs_name('IvyTab')" +STARTLINE}
 addUserKnob {26 divider4 l "" +STARTLINE}
 addUserKnob {1 _ivyVals l "" +STARTLINE +HIDDEN}
 _ivyVals "\{'ivy_leaf': False, 'ivy_job': '\[getenv SHOW]', 'ivy_usemanualuri': False, 'leafname': u'alembic', 'ivy_vnum': 1, 'ivy_twignametags': \[\{'text': 'shot', 'required': True, 'name': 'scan_id'\}, \{'text': '', 'required': False, 'name': 'split'\}, \{'text': 'layout', 'required': True, 'name': 'task'\}], 'ivy_shot': '\[getenv SHOT]', 'ivy_regex': False, 'custom_settings': \{\}, 'ivy_type': u'cam', 'ivy_versionquery': 'available', 'spider_uri': 'spider://query@Stalk.latest?Stem.job==STONE&Stem.stemname==110_fof_0010&TwigType.code.re(cam)&Twig.transfix_map.re(^scan_id:shot;task:layout\$)&Stalk.reviewstatus==Available&Stalk.state==complete'\}"
 addUserKnob {52 ivyTab l "" -STARTLINE T "__import__('nukescripts').panels.WidgetKnob(__import__('dnnuke.core.ivy.tab.widget.query', fromlist=\['getBoundKnob']).getBoundKnob(nuke.thisNode()))"}
 addUserKnob {1 _ivyFile l "" +STARTLINE +HIDDEN +INVISIBLE}
 _ivyFile /jobs/STONE/110_fof_0010/ivy/cam/C_110_fof_0010_layout_shot_v001/C_110_fof_0010_layout_shot_v001.abc
 addUserKnob {78 _expressions l "" -STARTLINE +HIDDEN +INVISIBLE n 1}
 _expressions {{curve}}
 addUserKnob {26 divider0 l "" +STARTLINE}
 addUserKnob {20 dbinfo l "DB Info" n 1}
 dbinfo 0
 addUserKnob {1 twig_dnuuid l "Twig Id"}
 twig_dnuuid aae6a1c4-c7ea-4285-b4f2-f3476a397bb3
 addUserKnob {1 stalk_dnuuid l "Stalk Id"}
 stalk_dnuuid 0da0626f-dea5-4d66-9c6e-b0b9eeb675bd
 addUserKnob {1 twigtype_dnuuid l "Twig Type Id"}
 twigtype_dnuuid d62f0cab-ff46-4c8e-b459-a230278cf967
 addUserKnob {1 leaf_dnuuid l "Leaf Id"}
 leaf_dnuuid a663ebae-6301-435c-9bb4-55b633256e8f
 addUserKnob {26 divider1 l "" +STARTLINE}
 addUserKnob {1 twigtype l "Twig Type"}
 twigtype cam
 addUserKnob {1 leaf_label l Leaf}
 leaf_label alembic
 addUserKnob {1 ivy_version l Version}
 ivy_version 1
 addUserKnob {43 ivy_notes l Notes}
 ivy_notes "layout dispatch"
 addUserKnob {26 divider2 l "" +STARTLINE}
 addUserKnob {1 build_label l "Build Label"}
 addUserKnob {20 dbinfoEndGroup l "DB Info" n -1}
 addUserKnob {20 abc_user_props l Alembic}
 addUserKnob {26 _info l Info T "User Properties\nImported camera properties are scaled from inches to millimetres."}
 addUserKnob {3 dneg_coc_blur l "Dneg Coc Blur"}
 addUserKnob {7 dneg_coc_scale l "Dneg Coc Scale"}
 dneg_coc_scale 1
 addUserKnob {6 dneg_dof l "Dneg Dof" -STARTLINE}
 dneg_dof true
 addUserKnob {6 dneg_dof_debug l "Dneg Dof Debug" -STARTLINE}
 dneg_dof_debug true
 addUserKnob {7 dneg_fStop l "Dneg F Stop"}
 dneg_fStop 1
 addUserKnob {6 dneg_fg_clip l "Dneg Fg Clip" -STARTLINE}
 dneg_fg_clip true
 addUserKnob {7 dneg_fg_clip_distance l "Dneg Fg Clip Distance"}
 dneg_fg_clip_distance 40
 addUserKnob {7 dneg_focus_distance l "Dneg Focus Distance"}
 dneg_focus_distance 5
 addUserKnob {7 dneg_max_coc l "Dneg Max Coc"}
 dneg_max_coc 20
 addUserKnob {7 focus l Focus}
 focus {{curve x1015 76.20015298 76.20015298 76.20015298 76.20015298 76.20015298 76.20015298 76.20015298 76.20015298 76.20015298 76.20015298 76.20015298 76.20015298 76.20015298 76.20015298 76.20015298 76.20015298 76.20015298 76.20015298 76.20015298 76.20015298 76.20015298 76.20015298 76.20015298 76.20015298 76.20015298 76.20015298 76.20015298 76.20015298 76.20015298 76.20015298 76.20015298 76.20015298 76.20015298 76.20015298 76.20015298 76.20015298 76.20015298 76.20015298 76.20015298 76.20015298 76.20015298 76.20015298 76.20015298 76.20015298}}
 addUserKnob {1 id l Id}
 addUserKnob {7 lensProfileZoom l "Lens Profile Zoom"}
 lensProfileZoom {{curve x1015 990.6 990.6 990.6 990.6 990.6 990.6 990.6 990.6 990.6 990.6 990.6 990.6 990.6 990.6 990.6 990.6 990.6 990.6 990.6 990.6 990.6 990.6 990.6 990.6 990.6 990.6 990.6 990.6 990.6 990.6 990.6 990.6 990.6 990.6 990.6 990.6 990.6 990.6 990.6 990.6 990.6 990.6 990.6 990.6}}
 addUserKnob {1 lensSolve l "Lens Solve"}
 lensSolve /jobs/STONE/110_pet_0420/ivy/lnd/LND_110_pet_0420_cameratrack_bg01_v001/LND_110_pet_0420_cameratrack_bg01_v001.lensdata
 addUserKnob {7 ambientShakeHorizontal l "Ambient Shake Horizontal"}
 ambientShakeHorizontal {{curve x1015 0 0 0 0 0 0 0 0 0 0 0 0 0 0 0 0 0 0 0 0 0 0 0 0 0 0 0 0 0 0 0 0 0 0 0 0 0 0 0 0 0 0 0 0}}
 addUserKnob {7 ambientShakeRoll l "Ambient Shake Roll"}
 ambientShakeRoll {{curve x1015 -0 -0 -0 -0 -0 -0 -0 -0 -0 -0 -0 -0 -0 -0 -0 -0 -0 -0 -0 -0 -0 -0 -0 -0 -0 -0 -0 -0 -0 -0 -0 -0 -0 -0 -0 -0 -0 -0 -0 -0 -0 -0 -0 -0}}
 addUserKnob {7 ambientShakeVertical l "Ambient Shake Vertical"}
 ambientShakeVertical {{curve x1015 0 0 0 0 0 0 0 0 0 0 0 0 0 0 0 0 0 0 0 0 0 0 0 0 0 0 0 0 0 0 0 0 0 0 0 0 0 0 0 0 0 0 0 0}}
 addUserKnob {7 ambientShakeWeight l "Ambient Shake Weight"}
 ambientShakeWeight {{curve x1015 1 1 1 1 1 1 1 1 1 1 1 1 1 1 1 1 1 1 1 1 1 1 1 1 1 1 1 1 1 1 1 1 1 1 1 1 1 1 1 1 1 1 1 1}}
 addUserKnob {7 heroShakeHorizontal l "Hero Shake Horizontal"}
 heroShakeHorizontal {{curve x1015 0 0 0 0 0 0 0 0 0 0 0 0 0 0 0 0 0 0 0 0 0 0 0 0 0 0 0 0 0 0 0 0 0 0 0 0 0 0 0 0 0 0 0 0}}
 addUserKnob {7 heroShakeRoll l "Hero Shake Roll"}
 heroShakeRoll {{curve x1015 -0 -0 -0 -0 -0 -0 -0 -0 -0 -0 -0 -0 -0 -0 -0 -0 -0 -0 -0 -0 -0 -0 -0 -0 -0 -0 -0 -0 -0 -0 -0 -0 -0 -0 -0 -0 -0 -0 -0 -0 -0 -0 -0 -0}}
 addUserKnob {7 heroShakeVertical l "Hero Shake Vertical"}
 heroShakeVertical {{curve x1015 0 0 0 0 0 0 0 0 0 0 0 0 0 0 0 0 0 0 0 0 0 0 0 0 0 0 0 0 0 0 0 0 0 0 0 0 0 0 0 0 0 0 0 0}}
 addUserKnob {7 heroShakeWeight l "Hero Shake Weight"}
 heroShakeWeight {{curve x1015 1 1 1 1 1 1 1 1 1 1 1 1 1 1 1 1 1 1 1 1 1 1 1 1 1 1 1 1 1 1 1 1 1 1 1 1 1 1 1 1 1 1 1 1}}
 addUserKnob {7 horizontalFilmOffset l "Horizontal Film Offset"}
 horizontalFilmOffset {{curve x1015 0 0 0 0 0 0 0 0 0 0 0 0 0 0 0 0 0 0 0 0 0 0 0 0 0 0 0 0 0 0 0 0 0 0 0 0 0 0 0 0 0 0 0 0}}
 addUserKnob {7 shakeHorizontal l "Shake Horizontal"}
 shakeHorizontal {{curve x1015 0 0 0 0 0 0 0 0 0 0 0 0 0 0 0 0 0 0 0 0 0 0 0 0 0 0 0 0 0 0 0 0 0 0 0 0 0 0 0 0 0 0 0 0}}
 addUserKnob {7 shakeRoll l "Shake Roll"}
 shakeRoll {{curve x1015 0 0 0 0 0 0 0 0 0 0 0 0 0 0 0 0 0 0 0 0 0 0 0 0 0 0 0 0 0 0 0 0 0 0 0 0 0 0 0 0 0 0 0 0}}
 addUserKnob {7 shakeVertical l "Shake Vertical"}
 shakeVertical {{curve x1015 0 0 0 0 0 0 0 0 0 0 0 0 0 0 0 0 0 0 0 0 0 0 0 0 0 0 0 0 0 0 0 0 0 0 0 0 0 0 0 0 0 0 0 0}}
 addUserKnob {7 verticalFilmOffset l "Vertical Film Offset"}
 verticalFilmOffset {{curve x1015 0 0 0 0 0 0 0 0 0 0 0 0 0 0 0 0 0 0 0 0 0 0 0 0 0 0 0 0 0 0 0 0 0 0 0 0 0 0 0 0 0 0 0 0}}
 addUserKnob {20 popcorn l Popcorn}
 addUserKnob {26 bakeIvyTabString l "" +STARTLINE T "bake ivy tab            "}
 addUserKnob {4 bakeIvyTab l "" t "Updates the node based on the ivy tab either before or after executing all other calls." -STARTLINE M {off before after}}
 bakeIvyTab before
 addUserKnob {6 bakeMe l " " t "Bake knobs to bake." +STARTLINE}
 bakeMe true
 addUserKnob {1 knobsToBake l "knobs to bake" t "Comma-separated list of knobs to bake, or values to assign. eg: 'value=10, file=\[pcrn input 1]'" -STARTLINE}
 addUserKnob {6 execMe l " " t "Execute knobs to exec." +STARTLINE}
 addUserKnob {1 knobsToExec l "knobs to exec" t "Comma-separated list of knobs (buttons) to execute()." -STARTLINE}
 addUserKnob {6 execThis l " " t "Run the code to exec." +STARTLINE}
 addUserKnob {43 codeToExec l "code to exec " t "Python code to exec().\n'nuke.thisNode()' is available to the code." -STARTLINE}
 addUserKnob {6 dontBake l "  dont bake      " t "Do not bake this node." +STARTLINE}
 addUserKnob {3 bakeOrder l "bake order" t "Nodes are baked from the lowest order to the highest. Default value is 0." -STARTLINE}
 addUserKnob {26 popcornTimestamp l " " T "tab created on show:STONE date:2023-08-07"}
}
push $cut_paste_input
Card2 {
 translate {-11489.74414 4220 -3338.715088}
 rotate {90.0000025 0 25.89107173}
 scaling {1 4 1}
 uniform_scale 5000
 control_points {3 3 3 6 

1 {-0.5 -0.5 0} 0 {0.1666666865 0 0} 0 {0 0 0} 0 {0 0.1666666865 0} 0 {0 0 0} 0 {0 0 0} 
1 {0 -0.5 0} 0 {0.1666666716 0 0} 0 {-0.1666666716 0 0} 0 {0 0.1666666865 0} 0 {0 0 0} 0 {0.5 0 0} 
1 {0.5 -0.5 0} 0 {0 0 0} 0 {-0.1666666865 0 0} 0 {0 0.1666666865 0} 0 {0 0 0} 0 {1 0 0} 
1 {-0.5 0 0} 0 {0.1666666865 0 0} 0 {0 0 0} 0 {0 0.1666666716 0} 0 {0 -0.1666666716 0} 0 {0 0.5 0} 
1 {0 0 0} 0 {0.1666666716 0 0} 0 {-0.1666666716 0 0} 0 {0 0.1666666716 0} 0 {0 -0.1666666716 0} 0 {0.5 0.5 0} 
1 {0.5 0 0} 0 {0 0 0} 0 {-0.1666666865 0 0} 0 {0 0.1666666716 0} 0 {0 -0.1666666716 0} 0 {1 0.5 0} 
1 {-0.5 0.5 0} 0 {0.1666666865 0 0} 0 {0 0 0} 0 {0 0 0} 0 {0 -0.1666666865 0} 0 {0 1 0} 
1 {0 0.5 0} 0 {0.1666666716 0 0} 0 {-0.1666666716 0 0} 0 {0 0 0} 0 {0 -0.1666666865 0} 0 {0.5 1 0} 
1 {0.5 0.5 0} 0 {0 0 0} 0 {-0.1666666865 0 0} 0 {0 0 0} 0 {0 -0.1666666865 0} 0 {1 1 0} }
 name Card2
 selected true
 xpos 22720
 ypos 31559
}
Group {
 inputs 2
 name Ashes
 note_font "Bitstream Vera Sans Bold"
 selected true
 xpos 22720
 ypos 31847
 addUserKnob {20 User l "edit Ashes"}
 addUserKnob {26 particles}
 addUserKnob {41 rate l "emission rate" T ParticleEmitter11.rate}
 addUserKnob {41 size T ParticleEmitter11.size}
 addUserKnob {41 velocity T ParticleEmitter11.velocity}
 addUserKnob {41 mass T ParticleEmitter11.mass}
 addUserKnob {26 ""}
 addUserKnob {26 particles_mod l Modifiers}
 addUserKnob {41 strength l Turbulence T ParticleTurbulence10.strength}
 addUserKnob {41 to_gravity l Gravity T ParticleGravity6.to}
}
 BackdropNode {
  inputs 0
  name BackdropNode1
  tile_color 0x2c2c2cff
  label MODIFIERS
  note_font_size 42
  note_font_color 0x7f7f7fff
  xpos 564
  ypos 362
  bdwidth 240
  bdheight 400
 }
 BackdropNode {
  inputs 0
  name BackdropNode2
  tile_color 0x394650ff
  label EMITTER/PARTICLES
  note_font_size 42
  note_font_color 0xa39cb1ff
  xpos 578
  ypos -424
  bdwidth 1041
  bdheight 552
 }
 BackdropNode {
  inputs 0
  name scanlines
  tile_color 0x520101ff
  label RENDER
  note_font_size 42
  note_font_color 0xf90000ff
  xpos 564
  ypos 886
  bdwidth 240
  bdheight 240
 }
 Input {
  inputs 0
  name camera
  xpos 326
  ypos 886
  number 1
 }
 Dot {
  name Dot4
  xpos 358
  ypos 1028
 }
 Roto {
  inputs 0
  cliptype none
  curves {{{v x3f99999a}
  {f 0}
  {n
   {layer Root
    {f 2097664}
    {t x44f00000 x4481c000}
    {a pt1x 0 pt1y 0 pt2x 0 pt2y 0 pt3x 0 pt3y 0 pt4x 0 pt4y 0 ptex00 0 ptex01 0 ptex02 0 ptex03 0 ptex10 0 ptex11 0 ptex12 0 ptex13 0 ptex20 0 ptex21 0 ptex22 0 ptex23 0 ptex30 0 ptex31 0 ptex32 0 ptex33 0 ptof1x 0 ptof1y 0 ptof2x 0 ptof2y 0 ptof3x 0 ptof3y 0 ptof4x 0 ptof4y 0 pterr 0 ptrefset 0 ptmot x40800000 ptref 0}
    {curvegroup Ellipse1 512 bezier
     {{cc
       {f 8192}
       {p
        {xc3f462d0}
        {x449aa999 x43f12676}
        {x43f462cc}
        {0 xc3f5c446}
        {x45397ccd x44752cd2}
        {0 x43f5c448}
        {x43f462cc}
        {x451d6e64 x44f3d99b}
        {xc3f462d0}
        {x43703350 x4417a663}
        {x447ef32c x4465999d}
        {xc334f72c xc3e48110}}}
      {cc
       {f 8192}
       {p
        {xc3f462d0}
        {}
        {x43f462cc}
        {0 xc3f5c446}
        {}
        {0 x43f5c448}
        {x43f462cc}
        {}
        {xc3f462d0}
        {x43703350 x4417a663}
        {}
        {xc334f72c xc3e48110}}}}
     {t x4501b000 x447c8000}
     {a osw x41200000 osf 0 str 1 spx x44f00000 spy x4481c000 sb 1 ltn x4481a000 ltm x4481a000 tt x40e00000}}}}}}
  toolbox {selectAll {
  { selectAll str 1 ssx 1 ssy 1 sf 1 }
  { createBezier str 1 ssx 1 ssy 1 sf 1 sb 1 tt 4 }
  { createBezierCusped str 1 ssx 1 ssy 1 sf 1 sb 1 }
  { createBSpline str 1 ssx 1 ssy 1 sf 1 sb 1 }
  { createEllipse str 1 ssx 1 ssy 1 sf 1 sb 1 tt 7 }
  { createRectangle str 1 ssx 1 ssy 1 sf 1 sb 1 }
  { createRectangleCusped str 1 ssx 1 ssy 1 sf 1 sb 1 }
  { brush str 1 ssx 1 ssy 1 sf 1 sb 1 }
  { eraser src 2 str 1 ssx 1 ssy 1 sf 1 sb 1 }
  { clone src 1 str 1 ssx 1 ssy 1 sf 1 sb 1 }
  { reveal src 3 str 1 ssx 1 ssy 1 sf 1 sb 1 }
  { dodge src 1 str 1 ssx 1 ssy 1 sf 1 sb 1 }
  { burn src 1 str 1 ssx 1 ssy 1 sf 1 sb 1 }
  { blur src 1 str 1 ssx 1 ssy 1 sf 1 sb 1 }
  { sharpen src 1 str 1 ssx 1 ssy 1 sf 1 sb 1 }
  { smear src 1 str 1 ssx 1 ssy 1 sf 1 sb 1 }
} }
  toolbar_brush_hardness 0.200000003
  toolbar_source_transform_scale {1 1}
  toolbar_source_transform_center {1920 1038}
  colorOverlay {0 0 0 0}
  lifetime_type "all frames"
  lifetime_start 1037
  lifetime_end 1037
  motionblur_shutter_offset_type centred
  source_black_outside true
  name Roto1
  xpos 1285
  ypos -283
 }
 Dot {
  name Dot7
  xpos 1317
  ypos -191
 }
set N13032a40 [stack 0]
 Dot {
  name Dot9
  xpos 1477
  ypos -191
 }
 Group {
  name Organic_edges_v4
  note_font "Bitstream Vera Sans"
  xpos 1445
  ypos -125
  mapsize {0.15 0.15}
  addUserKnob {20 User l OrganicEdges}
  addUserKnob {41 channels T IDistort1.channels}
  addUserKnob {41 size_2 l size T Noise1.size}
  addUserKnob {41 zoffset l seed T Noise1.zoffset}
  addUserKnob {41 uv_scale l distortion T IDistort1.uv_scale}
  addUserKnob {41 uv_offset l offset T IDistort1.uv_offset}
  addUserKnob {26 ""}
  addUserKnob {41 size l erode T FilterErode1.size}
  addUserKnob {41 size_1 l blur T Blur1.size}
 }
  Input {
   inputs 0
   name Input1
   xpos -193
   ypos 54
  }
set Ndb5220d0 [stack 0]
  Shuffle {
   red black
   green black
   blue black
   alpha black
   name Shuffle1
   xpos -359
   ypos 175
  }
set N1225e730 [stack 0]
  Noise {
   output {rgba.red -rgba.green -rgba.blue -rgba.alpha}
   cliptype union
   replace true
   size {{Noise1.size*-1}}
   zoffset {{Noise1.zoffset}}
   center {1024 778}
   name Noise2
   xpos -304
   ypos 230
  }
push $N1225e730
  Noise {
   output {-rgba.red rgba.green -rgba.blue -rgba.alpha}
   cliptype union
   replace true
   size 340
   zoffset 6
   center {1024 778}
   name Noise1
   xpos -427
   ypos 234
  }
  Merge2 {
   inputs 2
   operation plus
   name Merge2
   xpos -356
   ypos 281
  }
  Shuffle {
   out forward
   name Shuffle2
   xpos -356
   ypos 316
  }
push $Ndb5220d0
  FilterErode {
   size 0
   name FilterErode1
   xpos -103
   ypos 247
  }
  Copy {
   inputs 2
   from0 -rgba.alpha
   to0 -rgba.alpha
   channels forward
   name Copy1
   xpos -103
   ypos 304
  }
  IDistort {
   channels alpha
   uv forward
   uv_scale 560
   filter Mitchell
   name IDistort1
   xpos -99
   ypos 398
  }
  Remove {
   channels motion
   channels2 forward
   name Remove1
   selected true
   xpos -99
   ypos 447
  }
  Blur {
   channels alpha
   name Blur1
   xpos -99
   ypos 510
  }
  Output {
   name Output1
   xpos -99
   ypos 561
  }
 end_group
 Shuffle {
  red alpha
  green alpha
  blue alpha
  black alpha
  white alpha
  name alpha_Shuffle4
  tile_color 0xffffffff
  xpos 1445
  ypos -37
 }
 Dot {
  name Dot10
  xpos 1477
  ypos 31
 }
push $N13032a40
 Group {
  name Organic_edges_v3
  note_font "Bitstream Vera Sans"
  xpos 1285
  ypos -119
  mapsize {0.15 0.15}
  addUserKnob {20 User l OrganicEdges}
  addUserKnob {41 channels T IDistort1.channels}
  addUserKnob {41 size_2 l size T Noise1.size}
  addUserKnob {41 zoffset l seed T Noise1.zoffset}
  addUserKnob {41 uv_scale l distortion T IDistort1.uv_scale}
  addUserKnob {41 uv_offset l offset T IDistort1.uv_offset}
  addUserKnob {26 ""}
  addUserKnob {41 size l erode T FilterErode1.size}
  addUserKnob {41 size_1 l blur T Blur1.size}
 }
  Input {
   inputs 0
   name Input1
   xpos -193
   ypos 54
  }
set N2eeda60 [stack 0]
  Shuffle {
   red black
   green black
   blue black
   alpha black
   name Shuffle1
   xpos -359
   ypos 175
  }
set N2ef2540 [stack 0]
  Noise {
   output {rgba.red -rgba.green -rgba.blue -rgba.alpha}
   cliptype union
   replace true
   size {{Noise1.size*-1}}
   zoffset {{Noise1.zoffset}}
   center {1024 778}
   name Noise2
   xpos -304
   ypos 230
  }
push $N2ef2540
  Noise {
   output {-rgba.red rgba.green -rgba.blue -rgba.alpha}
   cliptype union
   replace true
   size 340
   zoffset 5
   center {1024 778}
   name Noise1
   xpos -427
   ypos 234
  }
  Merge2 {
   inputs 2
   operation plus
   name Merge2
   xpos -356
   ypos 281
  }
  Shuffle {
   out forward
   name Shuffle2
   xpos -356
   ypos 316
  }
push $N2eeda60
  FilterErode {
   size 0
   name FilterErode1
   xpos -103
   ypos 247
  }
  Copy {
   inputs 2
   from0 -rgba.alpha
   to0 -rgba.alpha
   channels forward
   name Copy1
   xpos -103
   ypos 304
  }
  IDistort {
   channels alpha
   uv forward
   uv_scale 560
   filter Mitchell
   name IDistort1
   xpos -99
   ypos 398
  }
  Remove {
   channels motion
   channels2 forward
   name Remove1
   selected true
   xpos -99
   ypos 447
  }
  Blur {
   channels alpha
   name Blur1
   xpos -99
   ypos 510
  }
  Output {
   name Output1
   xpos -99
   ypos 561
  }
 end_group
 Shuffle {
  red alpha
  green alpha
  blue alpha
  black alpha
  white alpha
  name alpha_Shuffle3
  tile_color 0xffffffff
  xpos 1285
  ypos -51
 }
 Dot {
  name Dot8
  xpos 1317
  ypos 31
 }
 Roto {
  inputs 0
  cliptype none
  curves {{{v x3f99999a}
  {f 0}
  {n
   {layer Root
    {f 2097152}
    {t x44f00000 x4481c000}
    {a pt1x 0 pt1y 0 pt2x 0 pt2y 0 pt3x 0 pt3y 0 pt4x 0 pt4y 0 ptex00 0 ptex01 0 ptex02 0 ptex03 0 ptex10 0 ptex11 0 ptex12 0 ptex13 0 ptex20 0 ptex21 0 ptex22 0 ptex23 0 ptex30 0 ptex31 0 ptex32 0 ptex33 0 ptof1x 0 ptof1y 0 ptof2x 0 ptof2y 0 ptof3x 0 ptof3y 0 ptof4x 0 ptof4y 0 pterr 0 ptrefset 0 ptmot x40800000 ptref 0}
    {curvegroup Ellipse1 512 bezier
     {{cc
       {f 8192}
       {p
        {xc3f462d0}
        {x44f6fffd x43190018}
        {x43f462cc}
        {0 xc3f5c446}
        {x4532cffe x44826003}
        {0 x43f5c448}
        {x43f462cc}
        {x44f6fffd x44f1a003}
        {xc3f462d0}
        {0 x43f5c448}
        {x44885ffc x44826003}
        {0 xc3f5c446}}}
      {cc
       {f 8192}
       {p
        {xc3f462d0}
        {}
        {x43f462cc}
        {0 xc3f5c446}
        {}
        {0 x43f5c448}
        {x43f462cc}
        {}
        {xc3f462d0}
        {0 x43f5c448}
        {}
        {0 xc3f5c446}}}}
     {t x4501b000 x447c8000}
     {a osw x41200000 osf 0 str 1 spx x44f00000 spy x4481c000 sb 1 ltn x4481a000 ltm x4481a000 tt x40e00000}}}}}}
  toolbox {selectAll {
  { selectAll str 1 ssx 1 ssy 1 sf 1 }
  { createBezier str 1 ssx 1 ssy 1 sf 1 sb 1 tt 4 }
  { createBezierCusped str 1 ssx 1 ssy 1 sf 1 sb 1 }
  { createBSpline str 1 ssx 1 ssy 1 sf 1 sb 1 }
  { createEllipse str 1 ssx 1 ssy 1 sf 1 sb 1 tt 7 }
  { createRectangle str 1 ssx 1 ssy 1 sf 1 sb 1 }
  { createRectangleCusped str 1 ssx 1 ssy 1 sf 1 sb 1 }
  { brush str 1 ssx 1 ssy 1 sf 1 sb 1 }
  { eraser src 2 str 1 ssx 1 ssy 1 sf 1 sb 1 }
  { clone src 1 str 1 ssx 1 ssy 1 sf 1 sb 1 }
  { reveal src 3 str 1 ssx 1 ssy 1 sf 1 sb 1 }
  { dodge src 1 str 1 ssx 1 ssy 1 sf 1 sb 1 }
  { burn src 1 str 1 ssx 1 ssy 1 sf 1 sb 1 }
  { blur src 1 str 1 ssx 1 ssy 1 sf 1 sb 1 }
  { sharpen src 1 str 1 ssx 1 ssy 1 sf 1 sb 1 }
  { smear src 1 str 1 ssx 1 ssy 1 sf 1 sb 1 }
} }
  toolbar_brush_hardness 0.200000003
  toolbar_source_transform_scale {1 1}
  toolbar_source_transform_center {1920 1038}
  colorOverlay {0 0 0 0}
  lifetime_type "all frames"
  lifetime_start 1037
  lifetime_end 1037
  motionblur_shutter_offset_type centred
  source_black_outside true
  name Roto2
  xpos 851
  ypos -283
 }
 Dot {
  name Dot5
  xpos 883
  ypos -191
 }
set N1aee1b40 [stack 0]
 Dot {
  name Dot6
  xpos 1107
  ypos -191
 }
 Group {
  name Organic_edges_v1
  note_font "Bitstream Vera Sans"
  xpos 1075
  ypos -119
  mapsize {0.15 0.15}
  addUserKnob {20 User l OrganicEdges}
  addUserKnob {41 channels T IDistort1.channels}
  addUserKnob {41 size_2 l size T Noise1.size}
  addUserKnob {41 zoffset l seed T Noise1.zoffset}
  addUserKnob {41 uv_scale l distortion T IDistort1.uv_scale}
  addUserKnob {41 uv_offset l offset T IDistort1.uv_offset}
  addUserKnob {26 ""}
  addUserKnob {41 size l erode T FilterErode1.size}
  addUserKnob {41 size_1 l blur T Blur1.size}
 }
  Input {
   inputs 0
   name Input1
   xpos -193
   ypos 54
  }
set Nf2f83b0 [stack 0]
  Shuffle {
   red black
   green black
   blue black
   alpha black
   name Shuffle1
   xpos -359
   ypos 175
  }
set Nf2fcfd0 [stack 0]
  Noise {
   output {rgba.red -rgba.green -rgba.blue -rgba.alpha}
   cliptype union
   replace true
   size {{Noise1.size*-1}}
   zoffset {{Noise1.zoffset}}
   center {1024 778}
   name Noise2
   xpos -304
   ypos 230
  }
push $Nf2fcfd0
  Noise {
   output {-rgba.red rgba.green -rgba.blue -rgba.alpha}
   cliptype union
   replace true
   size 340
   zoffset 4
   center {1024 778}
   name Noise1
   xpos -427
   ypos 234
  }
  Merge2 {
   inputs 2
   operation plus
   name Merge2
   xpos -356
   ypos 281
  }
  Shuffle {
   out forward
   name Shuffle2
   xpos -356
   ypos 316
  }
push $Nf2f83b0
  FilterErode {
   size 0
   name FilterErode1
   xpos -103
   ypos 247
  }
  Copy {
   inputs 2
   from0 -rgba.alpha
   to0 -rgba.alpha
   channels forward
   name Copy1
   xpos -103
   ypos 304
  }
  IDistort {
   channels alpha
   uv forward
   uv_scale 560
   filter Mitchell
   name IDistort1
   xpos -99
   ypos 398
  }
  Remove {
   channels motion
   channels2 forward
   name Remove1
   selected true
   xpos -99
   ypos 447
  }
  Blur {
   channels alpha
   name Blur1
   xpos -99
   ypos 510
  }
  Output {
   name Output1
   xpos -99
   ypos 561
  }
 end_group
 Shuffle {
  red alpha
  green alpha
  blue alpha
  black alpha
  white alpha
  name alpha_Shuffle2
  tile_color 0xffffffff
  xpos 1075
  ypos -61
 }
 Dot {
  name Dot3
  xpos 1107
  ypos 31
 }
push $N1aee1b40
 Group {
  name Organic_edges_v2
  note_font "Bitstream Vera Sans"
  xpos 851
  ypos -125
  mapsize {0.15 0.15}
  addUserKnob {20 User l OrganicEdges}
  addUserKnob {41 channels T IDistort1.channels}
  addUserKnob {41 size_2 l size T Noise1.size}
  addUserKnob {41 zoffset l seed T Noise1.zoffset}
  addUserKnob {41 uv_scale l distortion T IDistort1.uv_scale}
  addUserKnob {41 uv_offset l offset T IDistort1.uv_offset}
  addUserKnob {26 ""}
  addUserKnob {41 size l erode T FilterErode1.size}
  addUserKnob {41 size_1 l blur T Blur1.size}
 }
  Input {
   inputs 0
   name Input1
   xpos -193
   ypos 54
  }
set Nb9cb20 [stack 0]
  Shuffle {
   red black
   green black
   blue black
   alpha black
   name Shuffle1
   xpos -359
   ypos 175
  }
set Nba1740 [stack 0]
  Noise {
   output {rgba.red -rgba.green -rgba.blue -rgba.alpha}
   cliptype union
   replace true
   size {{Noise1.size*-1}}
   zoffset {{Noise1.zoffset}}
   center {1024 778}
   name Noise2
   xpos -304
   ypos 230
  }
push $Nba1740
  Noise {
   output {-rgba.red rgba.green -rgba.blue -rgba.alpha}
   cliptype union
   replace true
   size 340
   zoffset 2
   center {1024 778}
   name Noise1
   xpos -427
   ypos 234
  }
  Merge2 {
   inputs 2
   operation plus
   name Merge2
   xpos -356
   ypos 281
  }
  Shuffle {
   out forward
   name Shuffle2
   xpos -356
   ypos 316
  }
push $Nb9cb20
  FilterErode {
   size 0
   name FilterErode1
   xpos -103
   ypos 247
  }
  Copy {
   inputs 2
   from0 -rgba.alpha
   to0 -rgba.alpha
   channels forward
   name Copy1
   xpos -103
   ypos 304
  }
  IDistort {
   channels alpha
   uv forward
   uv_scale 560
   filter Mitchell
   name IDistort1
   xpos -99
   ypos 398
  }
  Remove {
   channels motion
   channels2 forward
   name Remove1
   selected true
   xpos -99
   ypos 447
  }
  Blur {
   channels alpha
   name Blur1
   xpos -99
   ypos 510
  }
  Output {
   name Output1
   xpos -99
   ypos 561
  }
 end_group
 Shuffle {
  red alpha
  green alpha
  blue alpha
  black alpha
  white alpha
  name alpha_Shuffle1
  tile_color 0xffffffff
  xpos 851
  ypos -51
 }
 Dot {
  name Dot1
  xpos 883
  ypos 31
 }
 Input {
  inputs 0
  name emiter
  xpos 644
  ypos -528
 }
push 0
 ParticleEmitter {
  inputs 6
  start_frame -1500
  emit_from faces
  rate 0.3
  rate_variation 1
  lifetime 3000
  velocity_variation 1
  rotation_velocity 2
  rotation_velocity_variation 2
  size 10
  size_variation 1
  mass 1.5
  mass_variation 1
  frame_advance randomly
  translate {0 0 -4189.999512}
  uniform_scale 4000
  name ParticleEmitter11
  xpos 644
  ypos 29
 }
 ParticleGravity {
  to {0 -0.00128 0}
  name ParticleGravity6
  xpos 644
  ypos 502
 }
 ParticleWind {
  to {1 0 -0.02}
  name ParticleWind6
  xpos 644
  ypos 576
 }
 ParticleTurbulence {
  strength {0.6 0.3 {strength.x}}
  name ParticleTurbulence10
  xpos 644
  ypos 650
 }
 Reformat {
  inputs 0
  pbb true
  name Reformat1
  xpos 829
  ypos 1026
 }
add_layer {__Pworld __Pworld.x __Pworld.y __Pworld.z}
add_layer {__Nworld __Nworld.x __Nworld.y __Nworld.z}
 ScanlineRender {
  inputs 3
  conservative_shader_sampling false
  overscan 150
  samples 0
  shutteroffset centred
  motion_vectors_type distance
  P_channel __Pworld
  N_channel __Nworld
  name ScanlineRender10
  xpos 644
  ypos 1026
 }
 ConvertDepthUnits {
  name ConvertDepthUnits4
  selected true
  xpos 644
  ypos 1174
 }
 Output {
  name Output1
  xpos 644
  ypos 1322
 }
end_group
Dot {
 name Dot1
 selected true
 xpos 22752
 ypos 32055
}
